Time_s_Ex	Time_s_Rt	Defl_nm_Ex	Defl_nm_Rt	Defl_pN_Ex	Defl_pN_Rt	Defl_nm_Ex	Defl_nm_Rt	Defl_pN_Ex	Defl_pN_Rt	
0.000000e+000	4.853756e-001	-4.843617e+000	8.154933e+000	-2.398400e+002	4.038054e+002	-4.843617e+000	8.154933e+000	-2.398400e+002	4.038054e+002	
9.479993e-004	4.863237e-001	-5.240945e+000	7.095359e+000	-2.595143e+002	3.513388e+002	-5.240945e+000	7.095359e+000	-2.595143e+002	3.513388e+002	
1.895999e-003	4.872717e-001	-5.089582e+000	6.054707e+000	-2.520193e+002	2.998091e+002	-5.089582e+000	6.054707e+000	-2.520193e+002	2.998091e+002	
2.843998e-003	4.882197e-001	-5.108503e+000	4.938370e+000	-2.529562e+002	2.445318e+002	-5.108503e+000	4.938370e+000	-2.529562e+002	2.445318e+002	
3.791997e-003	4.891677e-001	-5.051742e+000	3.992322e+000	-2.501456e+002	1.976866e+002	-5.051742e+000	3.992322e+000	-2.501456e+002	1.976866e+002	
4.739997e-003	4.901157e-001	-5.278786e+000	2.913827e+000	-2.613881e+002	1.442831e+002	-5.278786e+000	2.913827e+000	-2.613881e+002	1.442831e+002	
5.687996e-003	4.910637e-001	-5.051742e+000	1.854254e+000	-2.501456e+002	9.181654e+001	-5.051742e+000	1.854254e+000	-2.501456e+002	9.181654e+001	
6.635995e-003	4.920117e-001	-5.089582e+000	9.271269e-001	-2.520193e+002	4.590827e+001	-5.089582e+000	9.271269e-001	-2.520193e+002	4.590827e+001	
7.583994e-003	4.929597e-001	-5.222025e+000	9.460479e-002	-2.585775e+002	4.684517e+000	-5.222025e+000	9.460479e-002	-2.585775e+002	4.684517e+000	
8.531993e-003	4.939077e-001	-5.127423e+000	-7.757356e-001	-2.538931e+002	-3.841187e+001	-5.127423e+000	-7.757356e-001	-2.538931e+002	-3.841187e+001	
9.479992e-003	4.948558e-001	-5.203104e+000	-1.873118e+000	-2.576406e+002	-9.275060e+001	-5.203104e+000	-1.873118e+000	-2.576406e+002	-9.275060e+001	
1.042799e-002	4.958038e-001	-4.957139e+000	-2.383968e+000	-2.454612e+002	-1.180462e+002	-4.957139e+000	-2.383968e+000	-2.454612e+002	-1.180462e+002	
1.137599e-002	4.967518e-001	-5.013901e+000	-2.743455e+000	-2.482718e+002	-1.358468e+002	-5.013901e+000	-2.743455e+000	-2.482718e+002	-1.358468e+002	
1.232399e-002	4.976998e-001	-5.032821e+000	-3.708395e+000	-2.492087e+002	-1.836275e+002	-5.032821e+000	-3.708395e+000	-2.492087e+002	-1.836275e+002	
1.327199e-002	4.986478e-001	-4.976060e+000	-4.067882e+000	-2.463981e+002	-2.014281e+002	-4.976060e+000	-4.067882e+000	-2.463981e+002	-2.014281e+002	
1.421999e-002	4.995958e-001	-4.976060e+000	-4.616573e+000	-2.463981e+002	-2.285975e+002	-4.976060e+000	-4.616573e+000	-2.463981e+002	-2.285975e+002	
1.516799e-002	5.005438e-001	-4.994980e+000	-4.200325e+000	-2.473349e+002	-2.079862e+002	-4.994980e+000	-4.200325e+000	-2.473349e+002	-2.079862e+002	
1.611598e-002	5.014918e-001	-5.259866e+000	-4.351687e+000	-2.604512e+002	-2.154812e+002	-5.259866e+000	-4.351687e+000	-2.604512e+002	-2.154812e+002	
1.706398e-002	5.024399e-001	-4.938220e+000	-4.824697e+000	-2.445243e+002	-2.389031e+002	-4.938220e+000	-4.824697e+000	-2.445243e+002	-2.389031e+002	
1.801198e-002	5.033879e-001	-4.994980e+000	-4.862538e+000	-2.473349e+002	-2.407768e+002	-4.994980e+000	-4.862538e+000	-2.473349e+002	-2.407768e+002	
1.895998e-002	5.043359e-001	-5.032821e+000	-5.467990e+000	-2.492087e+002	-2.707568e+002	-5.032821e+000	-5.467990e+000	-2.492087e+002	-2.707568e+002	
1.990798e-002	5.052839e-001	-4.881458e+000	-5.108503e+000	-2.417137e+002	-2.529562e+002	-4.881458e+000	-5.108503e+000	-2.417137e+002	-2.529562e+002	
2.085598e-002	5.062319e-001	-5.089582e+000	-5.089582e+000	-2.520193e+002	-2.520193e+002	-5.089582e+000	-5.089582e+000	-2.520193e+002	-2.520193e+002	
2.180398e-002	5.071799e-001	-5.108503e+000	-5.543672e+000	-2.529562e+002	-2.745043e+002	-5.108503e+000	-5.543672e+000	-2.529562e+002	-2.745043e+002	
2.275198e-002	5.081279e-001	-4.862538e+000	-5.695035e+000	-2.407768e+002	-2.819993e+002	-4.862538e+000	-5.695035e+000	-2.407768e+002	-2.819993e+002	
2.369997e-002	5.090759e-001	-4.976060e+000	-5.713955e+000	-2.463981e+002	-2.829362e+002	-4.976060e+000	-5.713955e+000	-2.463981e+002	-2.829362e+002	
2.464797e-002	5.100240e-001	-4.919299e+000	-5.732875e+000	-2.435874e+002	-2.838731e+002	-4.919299e+000	-5.732875e+000	-2.435874e+002	-2.838731e+002	
2.559597e-002	5.109720e-001	-5.127423e+000	-5.770716e+000	-2.538931e+002	-2.857468e+002	-5.127423e+000	-5.770716e+000	-2.538931e+002	-2.857468e+002	
2.654397e-002	5.119200e-001	-5.013901e+000	-5.978840e+000	-2.482718e+002	-2.960524e+002	-5.013901e+000	-5.978840e+000	-2.482718e+002	-2.960524e+002	
2.749197e-002	5.128680e-001	-4.938220e+000	-6.130203e+000	-2.445243e+002	-3.035474e+002	-4.938220e+000	-6.130203e+000	-2.445243e+002	-3.035474e+002	
2.843997e-002	5.138160e-001	-4.900379e+000	-6.489691e+000	-2.426506e+002	-3.213481e+002	-4.900379e+000	-6.489691e+000	-2.426506e+002	-3.213481e+002	
2.938797e-002	5.147640e-001	-4.881458e+000	-6.395089e+000	-2.417137e+002	-3.166637e+002	-4.881458e+000	-6.395089e+000	-2.417137e+002	-3.166637e+002	
3.033597e-002	5.157120e-001	-5.032821e+000	-6.659974e+000	-2.492087e+002	-3.297799e+002	-5.032821e+000	-6.659974e+000	-2.492087e+002	-3.297799e+002	
3.128397e-002	5.166600e-001	-4.900379e+000	-6.451850e+000	-2.426506e+002	-3.194743e+002	-4.900379e+000	-6.451850e+000	-2.426506e+002	-3.194743e+002	
3.223197e-002	5.176080e-001	-4.881458e+000	-5.240945e+000	-2.417137e+002	-2.595143e+002	-4.881458e+000	-5.240945e+000	-2.417137e+002	-2.595143e+002	
3.317997e-002	5.185561e-001	-4.994980e+000	-5.259866e+000	-2.473349e+002	-2.604512e+002	-4.994980e+000	-5.259866e+000	-2.473349e+002	-2.604512e+002	
3.412797e-002	5.195041e-001	-5.032821e+000	-5.392309e+000	-2.492087e+002	-2.670093e+002	-5.032821e+000	-5.392309e+000	-2.492087e+002	-2.670093e+002	
3.507597e-002	5.204521e-001	-5.051742e+000	-4.805777e+000	-2.501456e+002	-2.379662e+002	-5.051742e+000	-4.805777e+000	-2.501456e+002	-2.379662e+002	
3.602397e-002	5.214001e-001	-4.749015e+000	-5.013901e+000	-2.351556e+002	-2.482718e+002	-4.749015e+000	-5.013901e+000	-2.351556e+002	-2.482718e+002	
3.697197e-002	5.223481e-001	-4.862538e+000	-5.278786e+000	-2.407768e+002	-2.613881e+002	-4.862538e+000	-5.278786e+000	-2.407768e+002	-2.613881e+002	
3.791997e-002	5.232961e-001	-5.089582e+000	-5.392309e+000	-2.520193e+002	-2.670093e+002	-5.089582e+000	-5.392309e+000	-2.520193e+002	-2.670093e+002	
3.886797e-002	5.242441e-001	-5.222025e+000	-5.278786e+000	-2.585775e+002	-2.613881e+002	-5.222025e+000	-5.278786e+000	-2.585775e+002	-2.613881e+002	
3.981597e-002	5.251921e-001	-5.013901e+000	-5.165264e+000	-2.482718e+002	-2.557668e+002	-5.013901e+000	-5.165264e+000	-2.482718e+002	-2.557668e+002	
4.076397e-002	5.261402e-001	-5.051742e+000	-5.165264e+000	-2.501456e+002	-2.557668e+002	-5.051742e+000	-5.165264e+000	-2.501456e+002	-2.557668e+002	
4.171197e-002	5.270882e-001	-4.881458e+000	-5.146344e+000	-2.417137e+002	-2.548299e+002	-4.881458e+000	-5.146344e+000	-2.417137e+002	-2.548299e+002	
4.265998e-002	5.280362e-001	-4.805777e+000	-5.373388e+000	-2.379662e+002	-2.660724e+002	-4.805777e+000	-5.373388e+000	-2.379662e+002	-2.660724e+002	
4.360798e-002	5.289842e-001	-5.165264e+000	-5.486910e+000	-2.557668e+002	-2.716937e+002	-5.165264e+000	-5.486910e+000	-2.557668e+002	-2.716937e+002	
4.455598e-002	5.299322e-001	-4.749015e+000	-5.165264e+000	-2.351556e+002	-2.557668e+002	-4.749015e+000	-5.165264e+000	-2.351556e+002	-2.557668e+002	
4.550398e-002	5.308802e-001	-5.051742e+000	-5.146344e+000	-2.501456e+002	-2.548299e+002	-5.051742e+000	-5.146344e+000	-2.501456e+002	-2.548299e+002	
4.645198e-002	5.318282e-001	-4.692255e+000	-5.184184e+000	-2.323450e+002	-2.567037e+002	-4.692255e+000	-5.184184e+000	-2.323450e+002	-2.567037e+002	
4.739998e-002	5.327762e-001	-4.900379e+000	-5.070662e+000	-2.426506e+002	-2.510824e+002	-4.900379e+000	-5.070662e+000	-2.426506e+002	-2.510824e+002	
4.834798e-002	5.337242e-001	-4.957139e+000	-4.994980e+000	-2.454612e+002	-2.473349e+002	-4.957139e+000	-4.994980e+000	-2.454612e+002	-2.473349e+002	
4.929598e-002	5.346723e-001	-4.938220e+000	-5.070662e+000	-2.445243e+002	-2.510824e+002	-4.938220e+000	-5.070662e+000	-2.445243e+002	-2.510824e+002	
5.024398e-002	5.356203e-001	-4.786856e+000	-5.165264e+000	-2.370293e+002	-2.557668e+002	-4.786856e+000	-5.165264e+000	-2.370293e+002	-2.557668e+002	
5.119198e-002	5.365683e-001	-4.786856e+000	-5.089582e+000	-2.370293e+002	-2.520193e+002	-4.786856e+000	-5.089582e+000	-2.370293e+002	-2.520193e+002	
5.213998e-002	5.375163e-001	-4.786856e+000	-5.127423e+000	-2.370293e+002	-2.538931e+002	-4.786856e+000	-5.127423e+000	-2.370293e+002	-2.538931e+002	
5.308798e-002	5.384643e-001	-4.900379e+000	-5.316627e+000	-2.426506e+002	-2.632618e+002	-4.900379e+000	-5.316627e+000	-2.426506e+002	-2.632618e+002	
5.403598e-002	5.394123e-001	-4.919299e+000	-5.051742e+000	-2.435874e+002	-2.501456e+002	-4.919299e+000	-5.051742e+000	-2.435874e+002	-2.501456e+002	
5.498398e-002	5.403603e-001	-5.013901e+000	-4.919299e+000	-2.482718e+002	-2.435874e+002	-5.013901e+000	-4.919299e+000	-2.482718e+002	-2.435874e+002	
5.593199e-002	5.413083e-001	-4.976060e+000	-5.316627e+000	-2.463981e+002	-2.632618e+002	-4.976060e+000	-5.316627e+000	-2.463981e+002	-2.632618e+002	
5.687999e-002	5.422564e-001	-5.032821e+000	-5.127423e+000	-2.492087e+002	-2.538931e+002	-5.032821e+000	-5.127423e+000	-2.492087e+002	-2.538931e+002	
5.782799e-002	5.432044e-001	-4.805777e+000	-5.013901e+000	-2.379662e+002	-2.482718e+002	-4.805777e+000	-5.013901e+000	-2.379662e+002	-2.482718e+002	
5.877599e-002	5.441524e-001	-4.805777e+000	-5.127423e+000	-2.379662e+002	-2.538931e+002	-4.805777e+000	-5.127423e+000	-2.379662e+002	-2.538931e+002	
5.972399e-002	5.451004e-001	-4.938220e+000	-5.070662e+000	-2.445243e+002	-2.510824e+002	-4.938220e+000	-5.070662e+000	-2.445243e+002	-2.510824e+002	
6.067199e-002	5.460484e-001	-4.730095e+000	-5.013901e+000	-2.342187e+002	-2.482718e+002	-4.730095e+000	-5.013901e+000	-2.342187e+002	-2.482718e+002	
6.161999e-002	5.469964e-001	-4.862538e+000	-5.032821e+000	-2.407768e+002	-2.492087e+002	-4.862538e+000	-5.032821e+000	-2.407768e+002	-2.492087e+002	
6.256799e-002	5.479444e-001	-4.692255e+000	-5.184184e+000	-2.323450e+002	-2.567037e+002	-4.692255e+000	-5.184184e+000	-2.323450e+002	-2.567037e+002	
6.351598e-002	5.488924e-001	-5.051742e+000	-5.051742e+000	-2.501456e+002	-2.501456e+002	-5.051742e+000	-5.051742e+000	-2.501456e+002	-2.501456e+002	
6.446398e-002	5.498405e-001	-4.786856e+000	-5.013901e+000	-2.370293e+002	-2.482718e+002	-4.786856e+000	-5.013901e+000	-2.370293e+002	-2.482718e+002	
6.541198e-002	5.507885e-001	-4.824697e+000	-5.051742e+000	-2.389031e+002	-2.501456e+002	-4.824697e+000	-5.051742e+000	-2.389031e+002	-2.501456e+002	
6.635997e-002	5.517365e-001	-5.184184e+000	-4.957139e+000	-2.567037e+002	-2.454612e+002	-5.184184e+000	-4.957139e+000	-2.567037e+002	-2.454612e+002	
6.730797e-002	5.526845e-001	-4.749015e+000	-5.222025e+000	-2.351556e+002	-2.585775e+002	-4.749015e+000	-5.222025e+000	-2.351556e+002	-2.585775e+002	
6.825597e-002	5.536325e-001	-4.957139e+000	-5.146344e+000	-2.454612e+002	-2.548299e+002	-4.957139e+000	-5.146344e+000	-2.454612e+002	-2.548299e+002	
6.920397e-002	5.545805e-001	-4.749015e+000	-5.278786e+000	-2.351556e+002	-2.613881e+002	-4.749015e+000	-5.278786e+000	-2.351556e+002	-2.613881e+002	
7.015196e-002	5.555285e-001	-4.749015e+000	-5.108503e+000	-2.351556e+002	-2.529562e+002	-4.749015e+000	-5.108503e+000	-2.351556e+002	-2.529562e+002	
7.109996e-002	5.564765e-001	-4.957139e+000	-5.146344e+000	-2.454612e+002	-2.548299e+002	-4.957139e+000	-5.146344e+000	-2.454612e+002	-2.548299e+002	
7.204796e-002	5.574245e-001	-5.184184e+000	-5.013901e+000	-2.567037e+002	-2.482718e+002	-5.184184e+000	-5.013901e+000	-2.567037e+002	-2.482718e+002	
7.299595e-002	5.583726e-001	-4.957139e+000	-4.919299e+000	-2.454612e+002	-2.435874e+002	-4.957139e+000	-4.919299e+000	-2.454612e+002	-2.435874e+002	
7.394395e-002	5.593206e-001	-4.994980e+000	-5.032821e+000	-2.473349e+002	-2.492087e+002	-4.994980e+000	-5.032821e+000	-2.473349e+002	-2.492087e+002	
7.489195e-002	5.602686e-001	-4.824697e+000	-5.543672e+000	-2.389031e+002	-2.745043e+002	-4.824697e+000	-5.543672e+000	-2.389031e+002	-2.745043e+002	
7.583994e-002	5.612166e-001	-4.957139e+000	-5.184184e+000	-2.454612e+002	-2.567037e+002	-4.957139e+000	-5.184184e+000	-2.454612e+002	-2.567037e+002	
7.678794e-002	5.621646e-001	-4.994980e+000	-5.070662e+000	-2.473349e+002	-2.510824e+002	-4.994980e+000	-5.070662e+000	-2.473349e+002	-2.510824e+002	
7.773594e-002	5.631126e-001	-4.843617e+000	-5.316627e+000	-2.398400e+002	-2.632618e+002	-4.843617e+000	-5.316627e+000	-2.398400e+002	-2.632618e+002	
7.868394e-002	5.640606e-001	-4.805777e+000	-5.165264e+000	-2.379662e+002	-2.557668e+002	-4.805777e+000	-5.165264e+000	-2.379662e+002	-2.557668e+002	
7.963193e-002	5.650086e-001	-4.881458e+000	-4.994980e+000	-2.417137e+002	-2.473349e+002	-4.881458e+000	-4.994980e+000	-2.417137e+002	-2.473349e+002	
8.057993e-002	5.659567e-001	-4.786856e+000	-5.070662e+000	-2.370293e+002	-2.510824e+002	-4.786856e+000	-5.070662e+000	-2.370293e+002	-2.510824e+002	
8.152793e-002	5.669047e-001	-4.635493e+000	-5.089582e+000	-2.295343e+002	-2.520193e+002	-4.635493e+000	-5.089582e+000	-2.295343e+002	-2.520193e+002	
8.247592e-002	5.678527e-001	-4.654414e+000	-5.032821e+000	-2.304712e+002	-2.492087e+002	-4.654414e+000	-5.032821e+000	-2.304712e+002	-2.492087e+002	
8.342392e-002	5.688007e-001	-4.881458e+000	-4.919299e+000	-2.417137e+002	-2.435874e+002	-4.881458e+000	-4.919299e+000	-2.417137e+002	-2.435874e+002	
8.437192e-002	5.697487e-001	-4.881458e+000	-5.108503e+000	-2.417137e+002	-2.529562e+002	-4.881458e+000	-5.108503e+000	-2.417137e+002	-2.529562e+002	
8.531991e-002	5.706967e-001	-5.013901e+000	-5.449069e+000	-2.482718e+002	-2.698199e+002	-5.013901e+000	-5.449069e+000	-2.482718e+002	-2.698199e+002	
8.626791e-002	5.716447e-001	-5.203104e+000	-4.919299e+000	-2.576406e+002	-2.435874e+002	-5.203104e+000	-4.919299e+000	-2.576406e+002	-2.435874e+002	
8.721591e-002	5.725927e-001	-4.957139e+000	-5.222025e+000	-2.454612e+002	-2.585775e+002	-4.957139e+000	-5.222025e+000	-2.454612e+002	-2.585775e+002	
8.816390e-002	5.735407e-001	-4.994980e+000	-4.843617e+000	-2.473349e+002	-2.398400e+002	-4.994980e+000	-4.843617e+000	-2.473349e+002	-2.398400e+002	
8.911190e-002	5.744888e-001	-5.032821e+000	-5.108503e+000	-2.492087e+002	-2.529562e+002	-5.032821e+000	-5.108503e+000	-2.492087e+002	-2.529562e+002	
9.005990e-002	5.754368e-001	-4.994980e+000	-5.032821e+000	-2.473349e+002	-2.492087e+002	-4.994980e+000	-5.032821e+000	-2.473349e+002	-2.492087e+002	
9.100790e-002	5.763848e-001	-4.805777e+000	-4.919299e+000	-2.379662e+002	-2.435874e+002	-4.805777e+000	-4.919299e+000	-2.379662e+002	-2.435874e+002	
9.195589e-002	5.773328e-001	-4.843617e+000	-4.919299e+000	-2.398400e+002	-2.435874e+002	-4.843617e+000	-4.919299e+000	-2.398400e+002	-2.435874e+002	
9.290389e-002	5.782808e-001	-4.824697e+000	-5.127423e+000	-2.389031e+002	-2.538931e+002	-4.824697e+000	-5.127423e+000	-2.389031e+002	-2.538931e+002	
9.385189e-002	5.792288e-001	-4.824697e+000	-4.994980e+000	-2.389031e+002	-2.473349e+002	-4.824697e+000	-4.994980e+000	-2.389031e+002	-2.473349e+002	
9.479988e-002	5.801768e-001	-4.938220e+000	-5.222025e+000	-2.445243e+002	-2.585775e+002	-4.938220e+000	-5.222025e+000	-2.445243e+002	-2.585775e+002	
9.574788e-002	5.811248e-001	-5.297707e+000	-5.032821e+000	-2.623250e+002	-2.492087e+002	-5.297707e+000	-5.032821e+000	-2.623250e+002	-2.492087e+002	
9.669588e-002	5.820729e-001	-4.900379e+000	-4.786856e+000	-2.426506e+002	-2.370293e+002	-4.900379e+000	-4.786856e+000	-2.426506e+002	-2.370293e+002	
9.764387e-002	5.830209e-001	-4.786856e+000	-4.976060e+000	-2.370293e+002	-2.463981e+002	-4.786856e+000	-4.976060e+000	-2.370293e+002	-2.463981e+002	
9.859187e-002	5.839689e-001	-4.994980e+000	-5.089582e+000	-2.473349e+002	-2.520193e+002	-4.994980e+000	-5.089582e+000	-2.473349e+002	-2.520193e+002	
9.953987e-002	5.849169e-001	-4.919299e+000	-5.070662e+000	-2.435874e+002	-2.510824e+002	-4.919299e+000	-5.070662e+000	-2.435874e+002	-2.510824e+002	
1.004879e-001	5.858649e-001	-4.824697e+000	-4.976060e+000	-2.389031e+002	-2.463981e+002	-4.824697e+000	-4.976060e+000	-2.389031e+002	-2.463981e+002	
1.014359e-001	5.868129e-001	-5.089582e+000	-4.881458e+000	-2.520193e+002	-2.417137e+002	-5.089582e+000	-4.881458e+000	-2.520193e+002	-2.417137e+002	
1.023839e-001	5.877609e-001	-4.692255e+000	-5.108503e+000	-2.323450e+002	-2.529562e+002	-4.692255e+000	-5.108503e+000	-2.323450e+002	-2.529562e+002	
1.033319e-001	5.887089e-001	-4.900379e+000	-4.862538e+000	-2.426506e+002	-2.407768e+002	-4.900379e+000	-4.862538e+000	-2.426506e+002	-2.407768e+002	
1.042799e-001	5.896569e-001	-4.767936e+000	-4.976060e+000	-2.360925e+002	-2.463981e+002	-4.767936e+000	-4.976060e+000	-2.360925e+002	-2.463981e+002	
1.052279e-001	5.906050e-001	-4.843617e+000	-4.938220e+000	-2.398400e+002	-2.445243e+002	-4.843617e+000	-4.938220e+000	-2.398400e+002	-2.445243e+002	
1.061758e-001	5.915530e-001	-4.957139e+000	-4.767936e+000	-2.454612e+002	-2.360925e+002	-4.957139e+000	-4.767936e+000	-2.454612e+002	-2.360925e+002	
1.071238e-001	5.925010e-001	-4.976060e+000	-4.919299e+000	-2.463981e+002	-2.435874e+002	-4.976060e+000	-4.919299e+000	-2.463981e+002	-2.435874e+002	
1.080718e-001	5.934490e-001	-4.900379e+000	-5.051742e+000	-2.426506e+002	-2.501456e+002	-4.900379e+000	-5.051742e+000	-2.426506e+002	-2.501456e+002	
1.090198e-001	5.943970e-001	-5.070662e+000	-4.976060e+000	-2.510824e+002	-2.463981e+002	-5.070662e+000	-4.976060e+000	-2.510824e+002	-2.463981e+002	
1.099678e-001	5.953450e-001	-4.767936e+000	-4.843617e+000	-2.360925e+002	-2.398400e+002	-4.767936e+000	-4.843617e+000	-2.360925e+002	-2.398400e+002	
1.109158e-001	5.962930e-001	-4.824697e+000	-4.919299e+000	-2.389031e+002	-2.435874e+002	-4.824697e+000	-4.919299e+000	-2.389031e+002	-2.435874e+002	
1.118638e-001	5.972410e-001	-4.767936e+000	-4.692255e+000	-2.360925e+002	-2.323450e+002	-4.767936e+000	-4.692255e+000	-2.360925e+002	-2.323450e+002	
1.128118e-001	5.981891e-001	-4.786856e+000	-4.881458e+000	-2.370293e+002	-2.417137e+002	-4.786856e+000	-4.881458e+000	-2.370293e+002	-2.417137e+002	
1.137598e-001	5.991371e-001	-4.994980e+000	-4.805777e+000	-2.473349e+002	-2.379662e+002	-4.994980e+000	-4.805777e+000	-2.473349e+002	-2.379662e+002	
1.147078e-001	6.000851e-001	-4.919299e+000	-5.146344e+000	-2.435874e+002	-2.548299e+002	-4.919299e+000	-5.146344e+000	-2.435874e+002	-2.548299e+002	
1.156558e-001	6.010331e-001	-4.805777e+000	-4.957139e+000	-2.379662e+002	-2.454612e+002	-4.805777e+000	-4.957139e+000	-2.379662e+002	-2.454612e+002	
1.166038e-001	6.019811e-001	-5.222025e+000	-5.165264e+000	-2.585775e+002	-2.557668e+002	-5.222025e+000	-5.165264e+000	-2.585775e+002	-2.557668e+002	
1.175518e-001	6.029291e-001	-4.938220e+000	-4.824697e+000	-2.445243e+002	-2.389031e+002	-4.938220e+000	-4.824697e+000	-2.445243e+002	-2.389031e+002	
1.184998e-001	6.038771e-001	-4.994980e+000	-4.824697e+000	-2.473349e+002	-2.389031e+002	-4.994980e+000	-4.824697e+000	-2.473349e+002	-2.389031e+002	
1.194478e-001	6.048251e-001	-5.089582e+000	-4.730095e+000	-2.520193e+002	-2.342187e+002	-5.089582e+000	-4.730095e+000	-2.520193e+002	-2.342187e+002	
1.203958e-001	6.057732e-001	-4.824697e+000	-4.900379e+000	-2.389031e+002	-2.426506e+002	-4.824697e+000	-4.900379e+000	-2.389031e+002	-2.426506e+002	
1.213438e-001	6.067212e-001	-4.805777e+000	-4.824697e+000	-2.379662e+002	-2.389031e+002	-4.805777e+000	-4.824697e+000	-2.379662e+002	-2.389031e+002	
1.222918e-001	6.076692e-001	-4.881458e+000	-4.957139e+000	-2.417137e+002	-2.454612e+002	-4.881458e+000	-4.957139e+000	-2.417137e+002	-2.454612e+002	
1.232398e-001	6.086172e-001	-5.051742e+000	-5.297707e+000	-2.501456e+002	-2.623250e+002	-5.051742e+000	-5.297707e+000	-2.501456e+002	-2.623250e+002	
1.241878e-001	6.095652e-001	-4.919299e+000	-5.051742e+000	-2.435874e+002	-2.501456e+002	-4.919299e+000	-5.051742e+000	-2.435874e+002	-2.501456e+002	
1.251358e-001	6.105132e-001	-4.843617e+000	-4.749015e+000	-2.398400e+002	-2.351556e+002	-4.843617e+000	-4.749015e+000	-2.398400e+002	-2.351556e+002	
1.260838e-001	6.114612e-001	-5.051742e+000	-4.843617e+000	-2.501456e+002	-2.398400e+002	-5.051742e+000	-4.843617e+000	-2.501456e+002	-2.398400e+002	
1.270318e-001	6.124092e-001	-5.108503e+000	-5.165264e+000	-2.529562e+002	-2.557668e+002	-5.108503e+000	-5.165264e+000	-2.529562e+002	-2.557668e+002	
1.279798e-001	6.133572e-001	-4.862538e+000	-4.994980e+000	-2.407768e+002	-2.473349e+002	-4.862538e+000	-4.994980e+000	-2.407768e+002	-2.473349e+002	
1.289278e-001	6.143053e-001	-4.994980e+000	-5.127423e+000	-2.473349e+002	-2.538931e+002	-4.994980e+000	-5.127423e+000	-2.473349e+002	-2.538931e+002	
1.298758e-001	6.152533e-001	-4.843617e+000	-5.222025e+000	-2.398400e+002	-2.585775e+002	-4.843617e+000	-5.222025e+000	-2.398400e+002	-2.585775e+002	
1.308238e-001	6.162013e-001	-4.824697e+000	-5.070662e+000	-2.389031e+002	-2.510824e+002	-4.824697e+000	-5.070662e+000	-2.389031e+002	-2.510824e+002	
1.317718e-001	6.171493e-001	-5.316627e+000	-4.805777e+000	-2.632618e+002	-2.379662e+002	-5.316627e+000	-4.805777e+000	-2.632618e+002	-2.379662e+002	
1.327198e-001	6.180973e-001	-4.976060e+000	-4.938220e+000	-2.463981e+002	-2.445243e+002	-4.976060e+000	-4.938220e+000	-2.463981e+002	-2.445243e+002	
1.336678e-001	6.190453e-001	-4.919299e+000	-4.711175e+000	-2.435874e+002	-2.332818e+002	-4.919299e+000	-4.711175e+000	-2.435874e+002	-2.332818e+002	
1.346158e-001	6.199933e-001	-4.824697e+000	-5.032821e+000	-2.389031e+002	-2.492087e+002	-4.824697e+000	-5.032821e+000	-2.389031e+002	-2.492087e+002	
1.355638e-001	6.209413e-001	-4.994980e+000	-4.843617e+000	-2.473349e+002	-2.398400e+002	-4.994980e+000	-4.843617e+000	-2.473349e+002	-2.398400e+002	
1.365118e-001	6.218894e-001	-5.089582e+000	-4.957139e+000	-2.520193e+002	-2.454612e+002	-5.089582e+000	-4.957139e+000	-2.520193e+002	-2.454612e+002	
1.374598e-001	6.228374e-001	-4.976060e+000	-5.222025e+000	-2.463981e+002	-2.585775e+002	-4.976060e+000	-5.222025e+000	-2.463981e+002	-2.585775e+002	
1.384078e-001	6.237854e-001	-4.881458e+000	-4.824697e+000	-2.417137e+002	-2.389031e+002	-4.881458e+000	-4.824697e+000	-2.417137e+002	-2.389031e+002	
1.393557e-001	6.247334e-001	-5.013901e+000	-4.919299e+000	-2.482718e+002	-2.435874e+002	-5.013901e+000	-4.919299e+000	-2.482718e+002	-2.435874e+002	
1.403037e-001	6.256814e-001	-5.013901e+000	-4.919299e+000	-2.482718e+002	-2.435874e+002	-5.013901e+000	-4.919299e+000	-2.482718e+002	-2.435874e+002	
1.412517e-001	6.266294e-001	-5.070662e+000	-4.843617e+000	-2.510824e+002	-2.398400e+002	-5.070662e+000	-4.843617e+000	-2.510824e+002	-2.398400e+002	
1.421997e-001	6.275774e-001	-4.881458e+000	-5.051742e+000	-2.417137e+002	-2.501456e+002	-4.881458e+000	-5.051742e+000	-2.417137e+002	-2.501456e+002	
1.431477e-001	6.285254e-001	-4.881458e+000	-5.070662e+000	-2.417137e+002	-2.510824e+002	-4.881458e+000	-5.070662e+000	-2.417137e+002	-2.510824e+002	
1.440957e-001	6.294734e-001	-4.881458e+000	-4.994980e+000	-2.417137e+002	-2.473349e+002	-4.881458e+000	-4.994980e+000	-2.417137e+002	-2.473349e+002	
1.450437e-001	6.304215e-001	-5.051742e+000	-5.127423e+000	-2.501456e+002	-2.538931e+002	-5.051742e+000	-5.127423e+000	-2.501456e+002	-2.538931e+002	
1.459917e-001	6.313695e-001	-4.711175e+000	-5.013901e+000	-2.332818e+002	-2.482718e+002	-4.711175e+000	-5.013901e+000	-2.332818e+002	-2.482718e+002	
1.469397e-001	6.323175e-001	-5.203104e+000	-4.900379e+000	-2.576406e+002	-2.426506e+002	-5.203104e+000	-4.900379e+000	-2.576406e+002	-2.426506e+002	
1.478877e-001	6.332655e-001	-4.805777e+000	-5.222025e+000	-2.379662e+002	-2.585775e+002	-4.805777e+000	-5.222025e+000	-2.379662e+002	-2.585775e+002	
1.488357e-001	6.342135e-001	-4.938220e+000	-4.881458e+000	-2.445243e+002	-2.417137e+002	-4.938220e+000	-4.881458e+000	-2.445243e+002	-2.417137e+002	
1.497837e-001	6.351615e-001	-5.032821e+000	-5.089582e+000	-2.492087e+002	-2.520193e+002	-5.032821e+000	-5.089582e+000	-2.492087e+002	-2.520193e+002	
1.507317e-001	6.361095e-001	-5.089582e+000	-4.919299e+000	-2.520193e+002	-2.435874e+002	-5.089582e+000	-4.919299e+000	-2.520193e+002	-2.435874e+002	
1.516797e-001	6.370575e-001	-4.730095e+000	-5.032821e+000	-2.342187e+002	-2.492087e+002	-4.730095e+000	-5.032821e+000	-2.342187e+002	-2.492087e+002	
1.526277e-001	6.380056e-001	-5.070662e+000	-4.881458e+000	-2.510824e+002	-2.417137e+002	-5.070662e+000	-4.881458e+000	-2.510824e+002	-2.417137e+002	
1.535757e-001	6.389536e-001	-4.919299e+000	-5.089582e+000	-2.435874e+002	-2.520193e+002	-4.919299e+000	-5.089582e+000	-2.435874e+002	-2.520193e+002	
1.545237e-001	6.399016e-001	-5.070662e+000	-5.070662e+000	-2.510824e+002	-2.510824e+002	-5.070662e+000	-5.070662e+000	-2.510824e+002	-2.510824e+002	
1.554717e-001	6.408496e-001	-4.919299e+000	-4.881458e+000	-2.435874e+002	-2.417137e+002	-4.919299e+000	-4.881458e+000	-2.435874e+002	-2.417137e+002	
1.564197e-001	6.417976e-001	-5.051742e+000	-4.862538e+000	-2.501456e+002	-2.407768e+002	-5.051742e+000	-4.862538e+000	-2.501456e+002	-2.407768e+002	
1.573677e-001	6.427456e-001	-4.862538e+000	-5.127423e+000	-2.407768e+002	-2.538931e+002	-4.862538e+000	-5.127423e+000	-2.407768e+002	-2.538931e+002	
1.583157e-001	6.436936e-001	-5.051742e+000	-5.089582e+000	-2.501456e+002	-2.520193e+002	-5.051742e+000	-5.089582e+000	-2.501456e+002	-2.520193e+002	
1.592637e-001	6.446416e-001	-4.938220e+000	-5.032821e+000	-2.445243e+002	-2.492087e+002	-4.938220e+000	-5.032821e+000	-2.445243e+002	-2.492087e+002	
1.602117e-001	6.455896e-001	-4.824697e+000	-5.051742e+000	-2.389031e+002	-2.501456e+002	-4.824697e+000	-5.051742e+000	-2.389031e+002	-2.501456e+002	
1.611597e-001	6.465377e-001	-5.070662e+000	-5.127423e+000	-2.510824e+002	-2.538931e+002	-5.070662e+000	-5.127423e+000	-2.510824e+002	-2.538931e+002	
1.621077e-001	6.474857e-001	-4.919299e+000	-5.222025e+000	-2.435874e+002	-2.585775e+002	-4.919299e+000	-5.222025e+000	-2.435874e+002	-2.585775e+002	
1.630557e-001	6.484337e-001	-4.938220e+000	-4.938220e+000	-2.445243e+002	-2.445243e+002	-4.938220e+000	-4.938220e+000	-2.445243e+002	-2.445243e+002	
1.640037e-001	6.493817e-001	-5.184184e+000	-5.259866e+000	-2.567037e+002	-2.604512e+002	-5.184184e+000	-5.259866e+000	-2.567037e+002	-2.604512e+002	
1.649517e-001	6.503297e-001	-4.938220e+000	-4.976060e+000	-2.445243e+002	-2.463981e+002	-4.938220e+000	-4.976060e+000	-2.445243e+002	-2.463981e+002	
1.658997e-001	6.512777e-001	-4.919299e+000	-4.881458e+000	-2.435874e+002	-2.417137e+002	-4.919299e+000	-4.881458e+000	-2.435874e+002	-2.417137e+002	
1.668477e-001	6.522257e-001	-4.578732e+000	-4.919299e+000	-2.267237e+002	-2.435874e+002	-4.578732e+000	-4.919299e+000	-2.267237e+002	-2.435874e+002	
1.677957e-001	6.531737e-001	-4.824697e+000	-4.843617e+000	-2.389031e+002	-2.398400e+002	-4.824697e+000	-4.843617e+000	-2.389031e+002	-2.398400e+002	
1.687437e-001	6.541218e-001	-5.013901e+000	-5.032821e+000	-2.482718e+002	-2.492087e+002	-5.013901e+000	-5.032821e+000	-2.482718e+002	-2.492087e+002	
1.696917e-001	6.550698e-001	-5.070662e+000	-5.032821e+000	-2.510824e+002	-2.492087e+002	-5.070662e+000	-5.032821e+000	-2.510824e+002	-2.492087e+002	
1.706396e-001	6.560178e-001	-5.032821e+000	-5.051742e+000	-2.492087e+002	-2.501456e+002	-5.032821e+000	-5.051742e+000	-2.492087e+002	-2.501456e+002	
1.715876e-001	6.569658e-001	-4.805777e+000	-4.919299e+000	-2.379662e+002	-2.435874e+002	-4.805777e+000	-4.919299e+000	-2.379662e+002	-2.435874e+002	
1.725356e-001	6.579138e-001	-4.843617e+000	-4.673334e+000	-2.398400e+002	-2.314081e+002	-4.843617e+000	-4.673334e+000	-2.398400e+002	-2.314081e+002	
1.734836e-001	6.588618e-001	-5.259866e+000	-5.108503e+000	-2.604512e+002	-2.529562e+002	-5.259866e+000	-5.108503e+000	-2.604512e+002	-2.529562e+002	
1.744316e-001	6.598098e-001	-4.957139e+000	-4.919299e+000	-2.454612e+002	-2.435874e+002	-4.957139e+000	-4.919299e+000	-2.454612e+002	-2.435874e+002	
1.753796e-001	6.607578e-001	-4.994980e+000	-5.051742e+000	-2.473349e+002	-2.501456e+002	-4.994980e+000	-5.051742e+000	-2.473349e+002	-2.501456e+002	
1.763276e-001	6.617059e-001	-5.070662e+000	-5.070662e+000	-2.510824e+002	-2.510824e+002	-5.070662e+000	-5.070662e+000	-2.510824e+002	-2.510824e+002	
1.772756e-001	6.626539e-001	-5.013901e+000	-4.900379e+000	-2.482718e+002	-2.426506e+002	-5.013901e+000	-4.900379e+000	-2.482718e+002	-2.426506e+002	
1.782236e-001	6.636019e-001	-5.203104e+000	-5.013901e+000	-2.576406e+002	-2.482718e+002	-5.203104e+000	-5.013901e+000	-2.576406e+002	-2.482718e+002	
1.791716e-001	6.645499e-001	-5.013901e+000	-4.881458e+000	-2.482718e+002	-2.417137e+002	-5.013901e+000	-4.881458e+000	-2.482718e+002	-2.417137e+002	
1.801196e-001	6.654979e-001	-4.843617e+000	-4.919299e+000	-2.398400e+002	-2.435874e+002	-4.843617e+000	-4.919299e+000	-2.398400e+002	-2.435874e+002	
1.810676e-001	6.664459e-001	-4.654414e+000	-5.335547e+000	-2.304712e+002	-2.641987e+002	-4.654414e+000	-5.335547e+000	-2.304712e+002	-2.641987e+002	
1.820156e-001	6.673939e-001	-5.127423e+000	-4.919299e+000	-2.538931e+002	-2.435874e+002	-5.127423e+000	-4.919299e+000	-2.538931e+002	-2.435874e+002	
1.829636e-001	6.683419e-001	-5.013901e+000	-5.108503e+000	-2.482718e+002	-2.529562e+002	-5.013901e+000	-5.108503e+000	-2.482718e+002	-2.529562e+002	
1.839116e-001	6.692899e-001	-5.013901e+000	-4.900379e+000	-2.482718e+002	-2.426506e+002	-5.013901e+000	-4.900379e+000	-2.482718e+002	-2.426506e+002	
1.848596e-001	6.702380e-001	-5.089582e+000	-4.957139e+000	-2.520193e+002	-2.454612e+002	-5.089582e+000	-4.957139e+000	-2.520193e+002	-2.454612e+002	
1.858076e-001	6.711860e-001	-5.089582e+000	-4.843617e+000	-2.520193e+002	-2.398400e+002	-5.089582e+000	-4.843617e+000	-2.520193e+002	-2.398400e+002	
1.867556e-001	6.721340e-001	-5.127423e+000	-4.900379e+000	-2.538931e+002	-2.426506e+002	-5.127423e+000	-4.900379e+000	-2.538931e+002	-2.426506e+002	
1.877036e-001	6.730820e-001	-5.051742e+000	-4.938220e+000	-2.501456e+002	-2.445243e+002	-5.051742e+000	-4.938220e+000	-2.501456e+002	-2.445243e+002	
1.886516e-001	6.740300e-001	-5.203104e+000	-4.976060e+000	-2.576406e+002	-2.463981e+002	-5.203104e+000	-4.976060e+000	-2.576406e+002	-2.463981e+002	
1.895996e-001	6.749780e-001	-4.976060e+000	-4.900379e+000	-2.463981e+002	-2.426506e+002	-4.976060e+000	-4.900379e+000	-2.463981e+002	-2.426506e+002	
1.905476e-001	6.759260e-001	-5.127423e+000	-4.900379e+000	-2.538931e+002	-2.426506e+002	-5.127423e+000	-4.900379e+000	-2.538931e+002	-2.426506e+002	
1.914956e-001	6.768740e-001	-4.805777e+000	-5.316627e+000	-2.379662e+002	-2.632618e+002	-4.805777e+000	-5.316627e+000	-2.379662e+002	-2.632618e+002	
1.924436e-001	6.778221e-001	-4.994980e+000	-4.919299e+000	-2.473349e+002	-2.435874e+002	-4.994980e+000	-4.919299e+000	-2.473349e+002	-2.435874e+002	
1.933916e-001	6.787701e-001	-4.824697e+000	-4.938220e+000	-2.389031e+002	-2.445243e+002	-4.824697e+000	-4.938220e+000	-2.389031e+002	-2.445243e+002	
1.943396e-001	6.797181e-001	-4.938220e+000	-4.976060e+000	-2.445243e+002	-2.463981e+002	-4.938220e+000	-4.976060e+000	-2.445243e+002	-2.463981e+002	
1.952876e-001	6.806661e-001	-5.032821e+000	-5.051742e+000	-2.492087e+002	-2.501456e+002	-5.032821e+000	-5.051742e+000	-2.492087e+002	-2.501456e+002	
1.962356e-001	6.816141e-001	-4.938220e+000	-4.843617e+000	-2.445243e+002	-2.398400e+002	-4.938220e+000	-4.843617e+000	-2.445243e+002	-2.398400e+002	
1.971836e-001	6.825621e-001	-4.994980e+000	-4.900379e+000	-2.473349e+002	-2.426506e+002	-4.994980e+000	-4.900379e+000	-2.473349e+002	-2.426506e+002	
1.981316e-001	6.835101e-001	-5.127423e+000	-5.070662e+000	-2.538931e+002	-2.510824e+002	-5.127423e+000	-5.070662e+000	-2.538931e+002	-2.510824e+002	
1.990796e-001	6.844581e-001	-4.957139e+000	-4.957139e+000	-2.454612e+002	-2.454612e+002	-4.957139e+000	-4.957139e+000	-2.454612e+002	-2.454612e+002	
2.000276e-001	6.854061e-001	-5.108503e+000	-4.938220e+000	-2.529562e+002	-2.445243e+002	-5.108503e+000	-4.938220e+000	-2.529562e+002	-2.445243e+002	
2.009756e-001	6.863542e-001	-4.976060e+000	-5.032821e+000	-2.463981e+002	-2.492087e+002	-4.976060e+000	-5.032821e+000	-2.463981e+002	-2.492087e+002	
2.019235e-001	6.873022e-001	-5.165264e+000	-4.919299e+000	-2.557668e+002	-2.435874e+002	-5.165264e+000	-4.919299e+000	-2.557668e+002	-2.435874e+002	
2.028715e-001	6.882502e-001	-5.032821e+000	-5.013901e+000	-2.492087e+002	-2.482718e+002	-5.032821e+000	-5.013901e+000	-2.492087e+002	-2.482718e+002	
2.038195e-001	6.891982e-001	-5.259866e+000	-4.976060e+000	-2.604512e+002	-2.463981e+002	-5.259866e+000	-4.976060e+000	-2.604512e+002	-2.463981e+002	
2.047675e-001	6.901462e-001	-5.070662e+000	-5.316627e+000	-2.510824e+002	-2.632618e+002	-5.070662e+000	-5.316627e+000	-2.510824e+002	-2.632618e+002	
2.057155e-001	6.910942e-001	-5.127423e+000	-5.013901e+000	-2.538931e+002	-2.482718e+002	-5.127423e+000	-5.013901e+000	-2.538931e+002	-2.482718e+002	
2.066635e-001	6.920422e-001	-4.976060e+000	-4.824697e+000	-2.463981e+002	-2.389031e+002	-4.976060e+000	-4.824697e+000	-2.463981e+002	-2.389031e+002	
2.076115e-001	6.929902e-001	-4.919299e+000	-4.900379e+000	-2.435874e+002	-2.426506e+002	-4.919299e+000	-4.900379e+000	-2.435874e+002	-2.426506e+002	
2.085595e-001	6.939383e-001	-5.051742e+000	-4.843617e+000	-2.501456e+002	-2.398400e+002	-5.051742e+000	-4.843617e+000	-2.501456e+002	-2.398400e+002	
2.095075e-001	6.948863e-001	-4.976060e+000	-4.843617e+000	-2.463981e+002	-2.398400e+002	-4.976060e+000	-4.843617e+000	-2.463981e+002	-2.398400e+002	
2.104555e-001	6.958343e-001	-4.824697e+000	-5.108503e+000	-2.389031e+002	-2.529562e+002	-4.824697e+000	-5.108503e+000	-2.389031e+002	-2.529562e+002	
2.114035e-001	6.967823e-001	-5.240945e+000	-4.976060e+000	-2.595143e+002	-2.463981e+002	-5.240945e+000	-4.976060e+000	-2.595143e+002	-2.463981e+002	
2.123515e-001	6.977303e-001	-5.203104e+000	-5.089582e+000	-2.576406e+002	-2.520193e+002	-5.203104e+000	-5.089582e+000	-2.576406e+002	-2.520193e+002	
2.132995e-001	6.986783e-001	-4.976060e+000	-4.976060e+000	-2.463981e+002	-2.463981e+002	-4.976060e+000	-4.976060e+000	-2.463981e+002	-2.463981e+002	
2.142475e-001	6.996263e-001	-5.203104e+000	-5.240945e+000	-2.576406e+002	-2.595143e+002	-5.203104e+000	-5.240945e+000	-2.576406e+002	-2.595143e+002	
2.151955e-001	7.005743e-001	-4.957139e+000	-5.127423e+000	-2.454612e+002	-2.538931e+002	-4.957139e+000	-5.127423e+000	-2.454612e+002	-2.538931e+002	
2.161435e-001	7.015224e-001	-4.994980e+000	-4.862538e+000	-2.473349e+002	-2.407768e+002	-4.994980e+000	-4.862538e+000	-2.473349e+002	-2.407768e+002	
2.170915e-001	7.024704e-001	-4.843617e+000	-5.203104e+000	-2.398400e+002	-2.576406e+002	-4.843617e+000	-5.203104e+000	-2.398400e+002	-2.576406e+002	
2.180395e-001	7.034184e-001	-5.127423e+000	-5.070662e+000	-2.538931e+002	-2.510824e+002	-5.127423e+000	-5.070662e+000	-2.538931e+002	-2.510824e+002	
2.189875e-001	7.043664e-001	-4.957139e+000	-5.013901e+000	-2.454612e+002	-2.482718e+002	-4.957139e+000	-5.013901e+000	-2.454612e+002	-2.482718e+002	
2.199355e-001	7.053144e-001	-4.711175e+000	-5.259866e+000	-2.332818e+002	-2.604512e+002	-4.711175e+000	-5.259866e+000	-2.332818e+002	-2.604512e+002	
2.208835e-001	7.062624e-001	-5.316627e+000	-4.938220e+000	-2.632618e+002	-2.445243e+002	-5.316627e+000	-4.938220e+000	-2.632618e+002	-2.445243e+002	
2.218315e-001	7.072104e-001	-4.976060e+000	-5.146344e+000	-2.463981e+002	-2.548299e+002	-4.976060e+000	-5.146344e+000	-2.463981e+002	-2.548299e+002	
2.227795e-001	7.081584e-001	-4.994980e+000	-5.013901e+000	-2.473349e+002	-2.482718e+002	-4.994980e+000	-5.013901e+000	-2.473349e+002	-2.482718e+002	
2.237275e-001	7.091064e-001	-4.862538e+000	-5.089582e+000	-2.407768e+002	-2.520193e+002	-4.862538e+000	-5.089582e+000	-2.407768e+002	-2.520193e+002	
2.246755e-001	7.100545e-001	-4.862538e+000	-5.165264e+000	-2.407768e+002	-2.557668e+002	-4.862538e+000	-5.165264e+000	-2.407768e+002	-2.557668e+002	
2.256235e-001	7.110025e-001	-5.278786e+000	-5.222025e+000	-2.613881e+002	-2.585775e+002	-5.278786e+000	-5.222025e+000	-2.613881e+002	-2.585775e+002	
2.265715e-001	7.119505e-001	-4.919299e+000	-5.127423e+000	-2.435874e+002	-2.538931e+002	-4.919299e+000	-5.127423e+000	-2.435874e+002	-2.538931e+002	
2.275195e-001	7.128985e-001	-5.203104e+000	-4.976060e+000	-2.576406e+002	-2.463981e+002	-5.203104e+000	-4.976060e+000	-2.576406e+002	-2.463981e+002	
2.284675e-001	7.138465e-001	-5.089582e+000	-5.203104e+000	-2.520193e+002	-2.576406e+002	-5.089582e+000	-5.203104e+000	-2.520193e+002	-2.576406e+002	
2.294155e-001	7.147945e-001	-4.862538e+000	-5.203104e+000	-2.407768e+002	-2.576406e+002	-4.862538e+000	-5.203104e+000	-2.407768e+002	-2.576406e+002	
2.303635e-001	7.157425e-001	-4.919299e+000	-5.089582e+000	-2.435874e+002	-2.520193e+002	-4.919299e+000	-5.089582e+000	-2.435874e+002	-2.520193e+002	
2.313115e-001	7.166905e-001	-4.976060e+000	-5.278786e+000	-2.463981e+002	-2.613881e+002	-4.976060e+000	-5.278786e+000	-2.463981e+002	-2.613881e+002	
2.322595e-001	7.176386e-001	-5.032821e+000	-5.013901e+000	-2.492087e+002	-2.482718e+002	-5.032821e+000	-5.013901e+000	-2.492087e+002	-2.482718e+002	
2.332074e-001	7.185866e-001	-5.032821e+000	-5.108503e+000	-2.492087e+002	-2.529562e+002	-5.032821e+000	-5.108503e+000	-2.492087e+002	-2.529562e+002	
2.341554e-001	7.195346e-001	-4.862538e+000	-5.070662e+000	-2.407768e+002	-2.510824e+002	-4.862538e+000	-5.070662e+000	-2.407768e+002	-2.510824e+002	
2.351034e-001	7.204826e-001	-4.824697e+000	-4.994980e+000	-2.389031e+002	-2.473349e+002	-4.824697e+000	-4.994980e+000	-2.389031e+002	-2.473349e+002	
2.360514e-001	7.214306e-001	-4.862538e+000	-5.297707e+000	-2.407768e+002	-2.623250e+002	-4.862538e+000	-5.297707e+000	-2.407768e+002	-2.623250e+002	
2.369994e-001	7.223786e-001	-5.373388e+000	-5.051742e+000	-2.660724e+002	-2.501456e+002	-5.373388e+000	-5.051742e+000	-2.660724e+002	-2.501456e+002	
2.379474e-001	7.233266e-001	-4.976060e+000	-5.184184e+000	-2.463981e+002	-2.567037e+002	-4.976060e+000	-5.184184e+000	-2.463981e+002	-2.567037e+002	
2.388954e-001	7.242746e-001	-4.994980e+000	-5.278786e+000	-2.473349e+002	-2.613881e+002	-4.994980e+000	-5.278786e+000	-2.473349e+002	-2.613881e+002	
2.398434e-001	7.252226e-001	-5.146344e+000	-5.203104e+000	-2.548299e+002	-2.576406e+002	-5.146344e+000	-5.203104e+000	-2.548299e+002	-2.576406e+002	
2.407914e-001	7.261707e-001	-4.938220e+000	-5.146344e+000	-2.445243e+002	-2.548299e+002	-4.938220e+000	-5.146344e+000	-2.445243e+002	-2.548299e+002	
2.417394e-001	7.271187e-001	-4.900379e+000	-5.127423e+000	-2.426506e+002	-2.538931e+002	-4.900379e+000	-5.127423e+000	-2.426506e+002	-2.538931e+002	
2.426874e-001	7.280667e-001	-4.900379e+000	-5.354468e+000	-2.426506e+002	-2.651356e+002	-4.900379e+000	-5.354468e+000	-2.426506e+002	-2.651356e+002	
2.436354e-001	7.290147e-001	-4.805777e+000	-5.411229e+000	-2.379662e+002	-2.679462e+002	-4.805777e+000	-5.411229e+000	-2.379662e+002	-2.679462e+002	
2.445834e-001	7.299627e-001	-4.938220e+000	-5.373388e+000	-2.445243e+002	-2.660724e+002	-4.938220e+000	-5.373388e+000	-2.445243e+002	-2.660724e+002	
2.455314e-001	7.309107e-001	-4.994980e+000	-5.411229e+000	-2.473349e+002	-2.679462e+002	-4.994980e+000	-5.411229e+000	-2.473349e+002	-2.679462e+002	
2.464794e-001	7.318587e-001	-4.919299e+000	-5.278786e+000	-2.435874e+002	-2.613881e+002	-4.919299e+000	-5.278786e+000	-2.435874e+002	-2.613881e+002	
2.474274e-001	7.328067e-001	-5.089582e+000	-5.146344e+000	-2.520193e+002	-2.548299e+002	-5.089582e+000	-5.146344e+000	-2.520193e+002	-2.548299e+002	
2.483754e-001	7.337548e-001	-4.957139e+000	-5.089582e+000	-2.454612e+002	-2.520193e+002	-4.957139e+000	-5.089582e+000	-2.454612e+002	-2.520193e+002	
2.493234e-001	7.347028e-001	-4.938220e+000	-5.051742e+000	-2.445243e+002	-2.501456e+002	-4.938220e+000	-5.051742e+000	-2.445243e+002	-2.501456e+002	
2.502714e-001	7.356508e-001	-4.881458e+000	-5.222025e+000	-2.417137e+002	-2.585775e+002	-4.881458e+000	-5.222025e+000	-2.417137e+002	-2.585775e+002	
2.512194e-001	7.365988e-001	-4.938220e+000	-4.881458e+000	-2.445243e+002	-2.417137e+002	-4.938220e+000	-4.881458e+000	-2.445243e+002	-2.417137e+002	
2.521674e-001	7.375468e-001	-4.862538e+000	-5.089582e+000	-2.407768e+002	-2.520193e+002	-4.862538e+000	-5.089582e+000	-2.407768e+002	-2.520193e+002	
2.531154e-001	7.384948e-001	-4.862538e+000	-5.335547e+000	-2.407768e+002	-2.641987e+002	-4.862538e+000	-5.335547e+000	-2.407768e+002	-2.641987e+002	
2.540635e-001	7.394428e-001	-4.919299e+000	-5.259866e+000	-2.435874e+002	-2.604512e+002	-4.919299e+000	-5.259866e+000	-2.435874e+002	-2.604512e+002	
2.550115e-001	7.403908e-001	-4.919299e+000	-5.316627e+000	-2.435874e+002	-2.632618e+002	-4.919299e+000	-5.316627e+000	-2.435874e+002	-2.632618e+002	
2.559595e-001	7.413388e-001	-4.730095e+000	-5.184184e+000	-2.342187e+002	-2.567037e+002	-4.730095e+000	-5.184184e+000	-2.342187e+002	-2.567037e+002	
2.569075e-001	7.422869e-001	-4.673334e+000	-5.278786e+000	-2.314081e+002	-2.613881e+002	-4.673334e+000	-5.278786e+000	-2.314081e+002	-2.613881e+002	
2.578555e-001	7.432349e-001	-4.786856e+000	-5.108503e+000	-2.370293e+002	-2.529562e+002	-4.786856e+000	-5.108503e+000	-2.370293e+002	-2.529562e+002	
2.588035e-001	7.441829e-001	-4.976060e+000	-5.430149e+000	-2.463981e+002	-2.688831e+002	-4.976060e+000	-5.430149e+000	-2.463981e+002	-2.688831e+002	
2.597515e-001	7.451309e-001	-4.843617e+000	-5.222025e+000	-2.398400e+002	-2.585775e+002	-4.843617e+000	-5.222025e+000	-2.398400e+002	-2.585775e+002	
2.606995e-001	7.460789e-001	-5.032821e+000	-5.127423e+000	-2.492087e+002	-2.538931e+002	-5.032821e+000	-5.127423e+000	-2.492087e+002	-2.538931e+002	
2.616476e-001	7.470269e-001	-4.900379e+000	-5.297707e+000	-2.426506e+002	-2.623250e+002	-4.900379e+000	-5.297707e+000	-2.426506e+002	-2.623250e+002	
2.625956e-001	7.479749e-001	-5.013901e+000	-5.335547e+000	-2.482718e+002	-2.641987e+002	-5.013901e+000	-5.335547e+000	-2.482718e+002	-2.641987e+002	
2.635436e-001	7.489229e-001	-4.900379e+000	-5.146344e+000	-2.426506e+002	-2.548299e+002	-4.900379e+000	-5.146344e+000	-2.426506e+002	-2.548299e+002	
2.644916e-001	7.498710e-001	-4.673334e+000	-4.938220e+000	-2.314081e+002	-2.445243e+002	-4.673334e+000	-4.938220e+000	-2.314081e+002	-2.445243e+002	
2.654396e-001	7.508190e-001	-4.938220e+000	-5.203104e+000	-2.445243e+002	-2.576406e+002	-4.938220e+000	-5.203104e+000	-2.445243e+002	-2.576406e+002	
2.663876e-001	7.517670e-001	-4.900379e+000	-5.430149e+000	-2.426506e+002	-2.688831e+002	-4.900379e+000	-5.430149e+000	-2.426506e+002	-2.688831e+002	
2.673356e-001	7.527150e-001	-4.730095e+000	-5.203104e+000	-2.342187e+002	-2.576406e+002	-4.730095e+000	-5.203104e+000	-2.342187e+002	-2.576406e+002	
2.682836e-001	7.536630e-001	-4.805777e+000	-5.222025e+000	-2.379662e+002	-2.585775e+002	-4.805777e+000	-5.222025e+000	-2.379662e+002	-2.585775e+002	
2.692316e-001	7.546110e-001	-4.957139e+000	-5.278786e+000	-2.454612e+002	-2.613881e+002	-4.957139e+000	-5.278786e+000	-2.454612e+002	-2.613881e+002	
2.701797e-001	7.555590e-001	-4.767936e+000	-5.259866e+000	-2.360925e+002	-2.604512e+002	-4.767936e+000	-5.259866e+000	-2.360925e+002	-2.604512e+002	
2.711277e-001	7.565070e-001	-4.862538e+000	-5.335547e+000	-2.407768e+002	-2.641987e+002	-4.862538e+000	-5.335547e+000	-2.407768e+002	-2.641987e+002	
2.720757e-001	7.574551e-001	-4.881458e+000	-5.278786e+000	-2.417137e+002	-2.613881e+002	-4.881458e+000	-5.278786e+000	-2.417137e+002	-2.613881e+002	
2.730237e-001	7.584031e-001	-5.032821e+000	-5.108503e+000	-2.492087e+002	-2.529562e+002	-5.032821e+000	-5.108503e+000	-2.492087e+002	-2.529562e+002	
2.739717e-001	7.593511e-001	-4.862538e+000	-5.184184e+000	-2.407768e+002	-2.567037e+002	-4.862538e+000	-5.184184e+000	-2.407768e+002	-2.567037e+002	
2.749197e-001	7.602991e-001	-4.654414e+000	-5.165264e+000	-2.304712e+002	-2.557668e+002	-4.654414e+000	-5.165264e+000	-2.304712e+002	-2.557668e+002	
2.758677e-001	7.612471e-001	-4.900379e+000	-5.411229e+000	-2.426506e+002	-2.679462e+002	-4.900379e+000	-5.411229e+000	-2.426506e+002	-2.679462e+002	
2.768157e-001	7.621951e-001	-4.862538e+000	-5.316627e+000	-2.407768e+002	-2.632618e+002	-4.862538e+000	-5.316627e+000	-2.407768e+002	-2.632618e+002	
2.777638e-001	7.631431e-001	-4.749015e+000	-5.013901e+000	-2.351556e+002	-2.482718e+002	-4.749015e+000	-5.013901e+000	-2.351556e+002	-2.482718e+002	
2.787118e-001	7.640911e-001	-4.919299e+000	-5.146344e+000	-2.435874e+002	-2.548299e+002	-4.919299e+000	-5.146344e+000	-2.435874e+002	-2.548299e+002	
2.796598e-001	7.650391e-001	-4.749015e+000	-5.203104e+000	-2.351556e+002	-2.576406e+002	-4.749015e+000	-5.203104e+000	-2.351556e+002	-2.576406e+002	
2.806078e-001	7.659872e-001	-4.957139e+000	-5.203104e+000	-2.454612e+002	-2.576406e+002	-4.957139e+000	-5.203104e+000	-2.454612e+002	-2.576406e+002	
2.815558e-001	7.669352e-001	-4.900379e+000	-5.335547e+000	-2.426506e+002	-2.641987e+002	-4.900379e+000	-5.335547e+000	-2.426506e+002	-2.641987e+002	
2.825038e-001	7.678832e-001	-4.540891e+000	-5.259866e+000	-2.248500e+002	-2.604512e+002	-4.540891e+000	-5.259866e+000	-2.248500e+002	-2.604512e+002	
2.834518e-001	7.688312e-001	-5.070662e+000	-5.449069e+000	-2.510824e+002	-2.698199e+002	-5.070662e+000	-5.449069e+000	-2.510824e+002	-2.698199e+002	
2.843998e-001	7.697792e-001	-4.900379e+000	-5.486910e+000	-2.426506e+002	-2.716937e+002	-4.900379e+000	-5.486910e+000	-2.426506e+002	-2.716937e+002	
2.853478e-001	7.707272e-001	-4.994980e+000	-5.203104e+000	-2.473349e+002	-2.576406e+002	-4.994980e+000	-5.203104e+000	-2.473349e+002	-2.576406e+002	
2.862959e-001	7.716752e-001	-4.843617e+000	-5.146344e+000	-2.398400e+002	-2.548299e+002	-4.843617e+000	-5.146344e+000	-2.398400e+002	-2.548299e+002	
2.872439e-001	7.726232e-001	-5.013901e+000	-5.146344e+000	-2.482718e+002	-2.548299e+002	-5.013901e+000	-5.146344e+000	-2.482718e+002	-2.548299e+002	
2.881919e-001	7.735713e-001	-4.786856e+000	-5.146344e+000	-2.370293e+002	-2.548299e+002	-4.786856e+000	-5.146344e+000	-2.370293e+002	-2.548299e+002	
2.891399e-001	7.745193e-001	-4.730095e+000	-5.203104e+000	-2.342187e+002	-2.576406e+002	-4.730095e+000	-5.203104e+000	-2.342187e+002	-2.576406e+002	
2.900879e-001	7.754673e-001	-4.351687e+000	-5.392309e+000	-2.154812e+002	-2.670093e+002	-4.351687e+000	-5.392309e+000	-2.154812e+002	-2.670093e+002	
2.910359e-001	7.764153e-001	-4.730095e+000	-5.297707e+000	-2.342187e+002	-2.623250e+002	-4.730095e+000	-5.297707e+000	-2.342187e+002	-2.623250e+002	
2.919839e-001	7.773633e-001	-4.881458e+000	-5.222025e+000	-2.417137e+002	-2.585775e+002	-4.881458e+000	-5.222025e+000	-2.417137e+002	-2.585775e+002	
2.929319e-001	7.783113e-001	-4.900379e+000	-5.222025e+000	-2.426506e+002	-2.585775e+002	-4.900379e+000	-5.222025e+000	-2.426506e+002	-2.585775e+002	
2.938800e-001	7.792593e-001	-4.957139e+000	-5.165264e+000	-2.454612e+002	-2.557668e+002	-4.957139e+000	-5.165264e+000	-2.454612e+002	-2.557668e+002	
2.948280e-001	7.802073e-001	-4.824697e+000	-5.259866e+000	-2.389031e+002	-2.604512e+002	-4.824697e+000	-5.259866e+000	-2.389031e+002	-2.604512e+002	
2.957760e-001	7.811553e-001	-4.805777e+000	-5.203104e+000	-2.379662e+002	-2.576406e+002	-4.805777e+000	-5.203104e+000	-2.379662e+002	-2.576406e+002	
2.967240e-001	7.821034e-001	-4.692255e+000	-5.184184e+000	-2.323450e+002	-2.567037e+002	-4.692255e+000	-5.184184e+000	-2.323450e+002	-2.567037e+002	
2.976720e-001	7.830514e-001	-4.673334e+000	-5.089582e+000	-2.314081e+002	-2.520193e+002	-4.673334e+000	-5.089582e+000	-2.314081e+002	-2.520193e+002	
2.986200e-001	7.839994e-001	-4.824697e+000	-5.184184e+000	-2.389031e+002	-2.567037e+002	-4.824697e+000	-5.184184e+000	-2.389031e+002	-2.567037e+002	
2.995680e-001	7.849474e-001	-4.843617e+000	-5.184184e+000	-2.398400e+002	-2.567037e+002	-4.843617e+000	-5.184184e+000	-2.398400e+002	-2.567037e+002	
3.005160e-001	7.858954e-001	-4.749015e+000	-5.297707e+000	-2.351556e+002	-2.623250e+002	-4.749015e+000	-5.297707e+000	-2.351556e+002	-2.623250e+002	
3.014641e-001	7.868434e-001	-5.032821e+000	-5.184184e+000	-2.492087e+002	-2.567037e+002	-5.032821e+000	-5.184184e+000	-2.492087e+002	-2.567037e+002	
3.024121e-001	7.877914e-001	-4.843617e+000	-5.184184e+000	-2.398400e+002	-2.567037e+002	-4.843617e+000	-5.184184e+000	-2.398400e+002	-2.567037e+002	
3.033601e-001	7.887394e-001	-4.919299e+000	-5.259866e+000	-2.435874e+002	-2.604512e+002	-4.919299e+000	-5.259866e+000	-2.435874e+002	-2.604512e+002	
3.043081e-001	7.896875e-001	-4.881458e+000	-5.278786e+000	-2.417137e+002	-2.613881e+002	-4.881458e+000	-5.278786e+000	-2.417137e+002	-2.613881e+002	
3.052561e-001	7.906355e-001	-4.843617e+000	-5.373388e+000	-2.398400e+002	-2.660724e+002	-4.843617e+000	-5.373388e+000	-2.398400e+002	-2.660724e+002	
3.062041e-001	7.915835e-001	-4.938220e+000	-5.184184e+000	-2.445243e+002	-2.567037e+002	-4.938220e+000	-5.184184e+000	-2.445243e+002	-2.567037e+002	
3.071521e-001	7.925315e-001	-4.805777e+000	-5.222025e+000	-2.379662e+002	-2.585775e+002	-4.805777e+000	-5.222025e+000	-2.379662e+002	-2.585775e+002	
3.081001e-001	7.934795e-001	-4.862538e+000	-4.976060e+000	-2.407768e+002	-2.463981e+002	-4.862538e+000	-4.976060e+000	-2.407768e+002	-2.463981e+002	
3.090481e-001	7.944275e-001	-4.730095e+000	-5.373388e+000	-2.342187e+002	-2.660724e+002	-4.730095e+000	-5.373388e+000	-2.342187e+002	-2.660724e+002	
3.099962e-001	7.953755e-001	-4.900379e+000	-5.165264e+000	-2.426506e+002	-2.557668e+002	-4.900379e+000	-5.165264e+000	-2.426506e+002	-2.557668e+002	
3.109442e-001	7.963235e-001	-4.843617e+000	-5.278786e+000	-2.398400e+002	-2.613881e+002	-4.843617e+000	-5.278786e+000	-2.398400e+002	-2.613881e+002	
3.118922e-001	7.972715e-001	-4.919299e+000	-5.259866e+000	-2.435874e+002	-2.604512e+002	-4.919299e+000	-5.259866e+000	-2.435874e+002	-2.604512e+002	
3.128402e-001	7.982196e-001	-4.692255e+000	-4.976060e+000	-2.323450e+002	-2.463981e+002	-4.692255e+000	-4.976060e+000	-2.323450e+002	-2.463981e+002	
3.137882e-001	7.991676e-001	-4.749015e+000	-4.994980e+000	-2.351556e+002	-2.473349e+002	-4.749015e+000	-4.994980e+000	-2.351556e+002	-2.473349e+002	
3.147362e-001	8.001156e-001	-4.862538e+000	-5.354468e+000	-2.407768e+002	-2.651356e+002	-4.862538e+000	-5.354468e+000	-2.407768e+002	-2.651356e+002	
3.156842e-001	8.010636e-001	-4.957139e+000	-5.316627e+000	-2.454612e+002	-2.632618e+002	-4.957139e+000	-5.316627e+000	-2.454612e+002	-2.632618e+002	
3.166322e-001	8.020116e-001	-5.013901e+000	-5.335547e+000	-2.482718e+002	-2.641987e+002	-5.013901e+000	-5.335547e+000	-2.482718e+002	-2.641987e+002	
3.175803e-001	8.029596e-001	-4.919299e+000	-5.278786e+000	-2.435874e+002	-2.613881e+002	-4.919299e+000	-5.278786e+000	-2.435874e+002	-2.613881e+002	
3.185283e-001	8.039076e-001	-4.805777e+000	-5.543672e+000	-2.379662e+002	-2.745043e+002	-4.805777e+000	-5.543672e+000	-2.379662e+002	-2.745043e+002	
3.194763e-001	8.048556e-001	-4.919299e+000	-5.032821e+000	-2.435874e+002	-2.492087e+002	-4.919299e+000	-5.032821e+000	-2.435874e+002	-2.492087e+002	
3.204243e-001	8.058037e-001	-4.938220e+000	-5.108503e+000	-2.445243e+002	-2.529562e+002	-4.938220e+000	-5.108503e+000	-2.445243e+002	-2.529562e+002	
3.213723e-001	8.067517e-001	-4.635493e+000	-5.127423e+000	-2.295343e+002	-2.538931e+002	-4.635493e+000	-5.127423e+000	-2.295343e+002	-2.538931e+002	
3.223203e-001	8.076997e-001	-4.881458e+000	-5.373388e+000	-2.417137e+002	-2.660724e+002	-4.881458e+000	-5.373388e+000	-2.417137e+002	-2.660724e+002	
3.232683e-001	8.086477e-001	-4.749015e+000	-5.240945e+000	-2.351556e+002	-2.595143e+002	-4.749015e+000	-5.240945e+000	-2.351556e+002	-2.595143e+002	
3.242163e-001	8.095957e-001	-4.749015e+000	-5.165264e+000	-2.351556e+002	-2.557668e+002	-4.749015e+000	-5.165264e+000	-2.351556e+002	-2.557668e+002	
3.251643e-001	8.105437e-001	-4.616573e+000	-5.222025e+000	-2.285975e+002	-2.585775e+002	-4.616573e+000	-5.222025e+000	-2.285975e+002	-2.585775e+002	
3.261124e-001	8.114917e-001	-4.730095e+000	-5.165264e+000	-2.342187e+002	-2.557668e+002	-4.730095e+000	-5.165264e+000	-2.342187e+002	-2.557668e+002	
3.270604e-001	8.124397e-001	-4.465210e+000	-5.089582e+000	-2.211024e+002	-2.520193e+002	-4.465210e+000	-5.089582e+000	-2.211024e+002	-2.520193e+002	
3.280084e-001	8.133878e-001	-4.786856e+000	-5.259866e+000	-2.370293e+002	-2.604512e+002	-4.786856e+000	-5.259866e+000	-2.370293e+002	-2.604512e+002	
3.289564e-001	8.143358e-001	-5.013901e+000	-5.165264e+000	-2.482718e+002	-2.557668e+002	-5.013901e+000	-5.165264e+000	-2.482718e+002	-2.557668e+002	
3.299044e-001	8.152838e-001	-4.862538e+000	-5.222025e+000	-2.407768e+002	-2.585775e+002	-4.862538e+000	-5.222025e+000	-2.407768e+002	-2.585775e+002	
3.308524e-001	8.162318e-001	-4.881458e+000	-5.278786e+000	-2.417137e+002	-2.613881e+002	-4.881458e+000	-5.278786e+000	-2.417137e+002	-2.613881e+002	
3.318004e-001	8.171798e-001	-4.559812e+000	-5.203104e+000	-2.257868e+002	-2.576406e+002	-4.559812e+000	-5.203104e+000	-2.257868e+002	-2.576406e+002	
3.327484e-001	8.181278e-001	-4.824697e+000	-5.335547e+000	-2.389031e+002	-2.641987e+002	-4.824697e+000	-5.335547e+000	-2.389031e+002	-2.641987e+002	
3.336965e-001	8.190758e-001	-4.862538e+000	-5.203104e+000	-2.407768e+002	-2.576406e+002	-4.862538e+000	-5.203104e+000	-2.407768e+002	-2.576406e+002	
3.346445e-001	8.200238e-001	-4.749015e+000	-5.240945e+000	-2.351556e+002	-2.595143e+002	-4.749015e+000	-5.240945e+000	-2.351556e+002	-2.595143e+002	
3.355925e-001	8.209718e-001	-4.767936e+000	-5.203104e+000	-2.360925e+002	-2.576406e+002	-4.767936e+000	-5.203104e+000	-2.360925e+002	-2.576406e+002	
3.365405e-001	8.219199e-001	-4.881458e+000	-5.089582e+000	-2.417137e+002	-2.520193e+002	-4.881458e+000	-5.089582e+000	-2.417137e+002	-2.520193e+002	
3.374885e-001	8.228679e-001	-4.862538e+000	-5.392309e+000	-2.407768e+002	-2.670093e+002	-4.862538e+000	-5.392309e+000	-2.407768e+002	-2.670093e+002	
3.384365e-001	8.238159e-001	-4.389528e+000	-5.184184e+000	-2.173549e+002	-2.567037e+002	-4.389528e+000	-5.184184e+000	-2.173549e+002	-2.567037e+002	
3.393845e-001	8.247639e-001	-4.711175e+000	-5.505831e+000	-2.332818e+002	-2.726306e+002	-4.711175e+000	-5.505831e+000	-2.332818e+002	-2.726306e+002	
3.403325e-001	8.257119e-001	-4.730095e+000	-5.051742e+000	-2.342187e+002	-2.501456e+002	-4.730095e+000	-5.051742e+000	-2.342187e+002	-2.501456e+002	
3.412805e-001	8.266599e-001	-4.730095e+000	-5.051742e+000	-2.342187e+002	-2.501456e+002	-4.730095e+000	-5.051742e+000	-2.342187e+002	-2.501456e+002	
3.422286e-001	8.276079e-001	-4.824697e+000	-5.146344e+000	-2.389031e+002	-2.548299e+002	-4.824697e+000	-5.146344e+000	-2.389031e+002	-2.548299e+002	
3.431766e-001	8.285559e-001	-4.749015e+000	-5.108503e+000	-2.351556e+002	-2.529562e+002	-4.749015e+000	-5.108503e+000	-2.351556e+002	-2.529562e+002	
3.441246e-001	8.295040e-001	-4.692255e+000	-5.335547e+000	-2.323450e+002	-2.641987e+002	-4.692255e+000	-5.335547e+000	-2.323450e+002	-2.641987e+002	
3.450726e-001	8.304520e-001	-4.749015e+000	-5.240945e+000	-2.351556e+002	-2.595143e+002	-4.749015e+000	-5.240945e+000	-2.351556e+002	-2.595143e+002	
3.460206e-001	8.314000e-001	-4.824697e+000	-5.013901e+000	-2.389031e+002	-2.482718e+002	-4.824697e+000	-5.013901e+000	-2.389031e+002	-2.482718e+002	
3.469686e-001	8.323480e-001	-4.824697e+000	-5.316627e+000	-2.389031e+002	-2.632618e+002	-4.824697e+000	-5.316627e+000	-2.389031e+002	-2.632618e+002	
3.479166e-001	8.332960e-001	-4.843617e+000	-5.316627e+000	-2.398400e+002	-2.632618e+002	-4.843617e+000	-5.316627e+000	-2.398400e+002	-2.632618e+002	
3.488646e-001	8.342440e-001	-4.938220e+000	-5.165264e+000	-2.445243e+002	-2.557668e+002	-4.938220e+000	-5.165264e+000	-2.445243e+002	-2.557668e+002	
3.498127e-001	8.351920e-001	-4.919299e+000	-5.373388e+000	-2.435874e+002	-2.660724e+002	-4.919299e+000	-5.373388e+000	-2.435874e+002	-2.660724e+002	
3.507607e-001	8.361400e-001	-4.994980e+000	-5.108503e+000	-2.473349e+002	-2.529562e+002	-4.994980e+000	-5.108503e+000	-2.473349e+002	-2.529562e+002	
3.517087e-001	8.370880e-001	-4.673334e+000	-5.051742e+000	-2.314081e+002	-2.501456e+002	-4.673334e+000	-5.051742e+000	-2.314081e+002	-2.501456e+002	
3.526567e-001	8.380361e-001	-4.559812e+000	-5.032821e+000	-2.257868e+002	-2.492087e+002	-4.559812e+000	-5.032821e+000	-2.257868e+002	-2.492087e+002	
3.536047e-001	8.389841e-001	-4.521971e+000	-5.373388e+000	-2.239131e+002	-2.660724e+002	-4.521971e+000	-5.373388e+000	-2.239131e+002	-2.660724e+002	
3.545527e-001	8.399321e-001	-4.938220e+000	-5.222025e+000	-2.445243e+002	-2.585775e+002	-4.938220e+000	-5.222025e+000	-2.445243e+002	-2.585775e+002	
3.555007e-001	8.408801e-001	-4.843617e+000	-5.259866e+000	-2.398400e+002	-2.604512e+002	-4.843617e+000	-5.259866e+000	-2.398400e+002	-2.604512e+002	
3.564487e-001	8.418281e-001	-4.711175e+000	-5.430149e+000	-2.332818e+002	-2.688831e+002	-4.711175e+000	-5.430149e+000	-2.332818e+002	-2.688831e+002	
3.573968e-001	8.427761e-001	-4.711175e+000	-5.108503e+000	-2.332818e+002	-2.529562e+002	-4.711175e+000	-5.108503e+000	-2.332818e+002	-2.529562e+002	
3.583448e-001	8.437241e-001	-4.805777e+000	-5.222025e+000	-2.379662e+002	-2.585775e+002	-4.805777e+000	-5.222025e+000	-2.379662e+002	-2.585775e+002	
3.592928e-001	8.446721e-001	-4.767936e+000	-5.222025e+000	-2.360925e+002	-2.585775e+002	-4.767936e+000	-5.222025e+000	-2.360925e+002	-2.585775e+002	
3.602408e-001	8.456202e-001	-4.749015e+000	-5.316627e+000	-2.351556e+002	-2.632618e+002	-4.749015e+000	-5.316627e+000	-2.351556e+002	-2.632618e+002	
3.611888e-001	8.465682e-001	-4.711175e+000	-5.203104e+000	-2.332818e+002	-2.576406e+002	-4.711175e+000	-5.203104e+000	-2.332818e+002	-2.576406e+002	
3.621368e-001	8.475162e-001	-4.692255e+000	-4.938220e+000	-2.323450e+002	-2.445243e+002	-4.692255e+000	-4.938220e+000	-2.323450e+002	-2.445243e+002	
3.630848e-001	8.484642e-001	-4.730095e+000	-5.203104e+000	-2.342187e+002	-2.576406e+002	-4.730095e+000	-5.203104e+000	-2.342187e+002	-2.576406e+002	
3.640328e-001	8.494122e-001	-4.900379e+000	-5.089582e+000	-2.426506e+002	-2.520193e+002	-4.900379e+000	-5.089582e+000	-2.426506e+002	-2.520193e+002	
3.649808e-001	8.503602e-001	-4.919299e+000	-5.127423e+000	-2.435874e+002	-2.538931e+002	-4.919299e+000	-5.127423e+000	-2.435874e+002	-2.538931e+002	
3.659289e-001	8.513082e-001	-4.805777e+000	-4.938220e+000	-2.379662e+002	-2.445243e+002	-4.805777e+000	-4.938220e+000	-2.379662e+002	-2.445243e+002	
3.668769e-001	8.522562e-001	-4.673334e+000	-5.430149e+000	-2.314081e+002	-2.688831e+002	-4.673334e+000	-5.430149e+000	-2.314081e+002	-2.688831e+002	
3.678249e-001	8.532043e-001	-4.635493e+000	-5.165264e+000	-2.295343e+002	-2.557668e+002	-4.635493e+000	-5.165264e+000	-2.295343e+002	-2.557668e+002	
3.687729e-001	8.541523e-001	-4.692255e+000	-4.900379e+000	-2.323450e+002	-2.426506e+002	-4.692255e+000	-4.900379e+000	-2.323450e+002	-2.426506e+002	
3.697209e-001	8.551003e-001	-4.824697e+000	-5.203104e+000	-2.389031e+002	-2.576406e+002	-4.824697e+000	-5.203104e+000	-2.389031e+002	-2.576406e+002	
3.706689e-001	8.560483e-001	-4.805777e+000	-5.203104e+000	-2.379662e+002	-2.576406e+002	-4.805777e+000	-5.203104e+000	-2.379662e+002	-2.576406e+002	
3.716169e-001	8.569963e-001	-4.767936e+000	-5.184184e+000	-2.360925e+002	-2.567037e+002	-4.767936e+000	-5.184184e+000	-2.360925e+002	-2.567037e+002	
3.725649e-001	8.579443e-001	-4.692255e+000	-4.919299e+000	-2.323450e+002	-2.435874e+002	-4.692255e+000	-4.919299e+000	-2.323450e+002	-2.435874e+002	
3.735130e-001	8.588923e-001	-4.654414e+000	-5.032821e+000	-2.304712e+002	-2.492087e+002	-4.654414e+000	-5.032821e+000	-2.304712e+002	-2.492087e+002	
3.744610e-001	8.598403e-001	-4.673334e+000	-5.089582e+000	-2.314081e+002	-2.520193e+002	-4.673334e+000	-5.089582e+000	-2.314081e+002	-2.520193e+002	
3.754090e-001	8.607883e-001	-4.540891e+000	-5.108503e+000	-2.248500e+002	-2.529562e+002	-4.540891e+000	-5.108503e+000	-2.248500e+002	-2.529562e+002	
3.763570e-001	8.617364e-001	-4.711175e+000	-5.127423e+000	-2.332818e+002	-2.538931e+002	-4.711175e+000	-5.127423e+000	-2.332818e+002	-2.538931e+002	
3.773050e-001	8.626844e-001	-4.805777e+000	-5.165264e+000	-2.379662e+002	-2.557668e+002	-4.805777e+000	-5.165264e+000	-2.379662e+002	-2.557668e+002	
3.782530e-001	8.636324e-001	-4.597652e+000	-5.051742e+000	-2.276606e+002	-2.501456e+002	-4.597652e+000	-5.051742e+000	-2.276606e+002	-2.501456e+002	
3.792010e-001	8.645804e-001	-4.673334e+000	-4.957139e+000	-2.314081e+002	-2.454612e+002	-4.673334e+000	-4.957139e+000	-2.314081e+002	-2.454612e+002	
3.801490e-001	8.655284e-001	-4.749015e+000	-5.108503e+000	-2.351556e+002	-2.529562e+002	-4.749015e+000	-5.108503e+000	-2.351556e+002	-2.529562e+002	
3.810970e-001	8.664764e-001	-4.919299e+000	-4.957139e+000	-2.435874e+002	-2.454612e+002	-4.919299e+000	-4.957139e+000	-2.435874e+002	-2.454612e+002	
3.820451e-001	8.674244e-001	-4.673334e+000	-5.165264e+000	-2.314081e+002	-2.557668e+002	-4.673334e+000	-5.165264e+000	-2.314081e+002	-2.557668e+002	
3.829931e-001	8.683724e-001	-4.919299e+000	-5.070662e+000	-2.435874e+002	-2.510824e+002	-4.919299e+000	-5.070662e+000	-2.435874e+002	-2.510824e+002	
3.839411e-001	8.693205e-001	-4.938220e+000	-5.051742e+000	-2.445243e+002	-2.501456e+002	-4.938220e+000	-5.051742e+000	-2.445243e+002	-2.501456e+002	
3.848891e-001	8.702685e-001	-4.673334e+000	-5.051742e+000	-2.314081e+002	-2.501456e+002	-4.673334e+000	-5.051742e+000	-2.314081e+002	-2.501456e+002	
3.858371e-001	8.712165e-001	-4.881458e+000	-4.881458e+000	-2.417137e+002	-2.417137e+002	-4.881458e+000	-4.881458e+000	-2.417137e+002	-2.417137e+002	
3.867851e-001	8.721645e-001	-4.654414e+000	-4.994980e+000	-2.304712e+002	-2.473349e+002	-4.654414e+000	-4.994980e+000	-2.304712e+002	-2.473349e+002	
3.877331e-001	8.731125e-001	-4.843617e+000	-5.127423e+000	-2.398400e+002	-2.538931e+002	-4.843617e+000	-5.127423e+000	-2.398400e+002	-2.538931e+002	
3.886811e-001	8.740605e-001	-4.692255e+000	-5.259866e+000	-2.323450e+002	-2.604512e+002	-4.692255e+000	-5.259866e+000	-2.323450e+002	-2.604512e+002	
3.896292e-001	8.750085e-001	-4.881458e+000	-5.146344e+000	-2.417137e+002	-2.548299e+002	-4.881458e+000	-5.146344e+000	-2.417137e+002	-2.548299e+002	
3.905772e-001	8.759565e-001	-5.032821e+000	-4.957139e+000	-2.492087e+002	-2.454612e+002	-5.032821e+000	-4.957139e+000	-2.492087e+002	-2.454612e+002	
3.915252e-001	8.769045e-001	-4.843617e+000	-4.976060e+000	-2.398400e+002	-2.463981e+002	-4.843617e+000	-4.976060e+000	-2.398400e+002	-2.463981e+002	
3.924732e-001	8.778526e-001	-4.786856e+000	-4.900379e+000	-2.370293e+002	-2.426506e+002	-4.786856e+000	-4.900379e+000	-2.370293e+002	-2.426506e+002	
3.934212e-001	8.788006e-001	-4.786856e+000	-5.184184e+000	-2.370293e+002	-2.567037e+002	-4.786856e+000	-5.184184e+000	-2.370293e+002	-2.567037e+002	
3.943692e-001	8.797486e-001	-4.749015e+000	-5.032821e+000	-2.351556e+002	-2.492087e+002	-4.749015e+000	-5.032821e+000	-2.351556e+002	-2.492087e+002	
3.953172e-001	8.806966e-001	-4.919299e+000	-4.843617e+000	-2.435874e+002	-2.398400e+002	-4.919299e+000	-4.843617e+000	-2.435874e+002	-2.398400e+002	
3.962652e-001	8.816446e-001	-4.767936e+000	-5.335547e+000	-2.360925e+002	-2.641987e+002	-4.767936e+000	-5.335547e+000	-2.360925e+002	-2.641987e+002	
3.972133e-001	8.825926e-001	-4.862538e+000	-5.070662e+000	-2.407768e+002	-2.510824e+002	-4.862538e+000	-5.070662e+000	-2.407768e+002	-2.510824e+002	
3.981613e-001	8.835406e-001	-4.767936e+000	-4.938220e+000	-2.360925e+002	-2.445243e+002	-4.767936e+000	-4.938220e+000	-2.360925e+002	-2.445243e+002	
3.991093e-001	8.844886e-001	-4.711175e+000	-5.070662e+000	-2.332818e+002	-2.510824e+002	-4.711175e+000	-5.070662e+000	-2.332818e+002	-2.510824e+002	
4.000573e-001	8.854367e-001	-4.786856e+000	-5.127423e+000	-2.370293e+002	-2.538931e+002	-4.786856e+000	-5.127423e+000	-2.370293e+002	-2.538931e+002	
4.010053e-001	8.863847e-001	-4.862538e+000	-5.070662e+000	-2.407768e+002	-2.510824e+002	-4.862538e+000	-5.070662e+000	-2.407768e+002	-2.510824e+002	
4.019533e-001	8.873327e-001	-4.692255e+000	-4.843617e+000	-2.323450e+002	-2.398400e+002	-4.692255e+000	-4.843617e+000	-2.323450e+002	-2.398400e+002	
4.029013e-001	8.882807e-001	-4.711175e+000	-5.259866e+000	-2.332818e+002	-2.604512e+002	-4.711175e+000	-5.259866e+000	-2.332818e+002	-2.604512e+002	
4.038493e-001	8.892287e-001	-4.862538e+000	-5.165264e+000	-2.407768e+002	-2.557668e+002	-4.862538e+000	-5.165264e+000	-2.407768e+002	-2.557668e+002	
4.047973e-001	8.901767e-001	-4.805777e+000	-5.278786e+000	-2.379662e+002	-2.613881e+002	-4.805777e+000	-5.278786e+000	-2.379662e+002	-2.613881e+002	
4.057454e-001	8.911247e-001	-4.919299e+000	-5.430149e+000	-2.435874e+002	-2.688831e+002	-4.919299e+000	-5.430149e+000	-2.435874e+002	-2.688831e+002	
4.066934e-001	8.920727e-001	-4.673334e+000	-5.165264e+000	-2.314081e+002	-2.557668e+002	-4.673334e+000	-5.165264e+000	-2.314081e+002	-2.557668e+002	
4.076414e-001	8.930207e-001	-4.711175e+000	-5.051742e+000	-2.332818e+002	-2.501456e+002	-4.711175e+000	-5.051742e+000	-2.332818e+002	-2.501456e+002	
4.085894e-001	8.939688e-001	-4.805777e+000	-5.203104e+000	-2.379662e+002	-2.576406e+002	-4.805777e+000	-5.203104e+000	-2.379662e+002	-2.576406e+002	
4.095374e-001	8.949168e-001	-4.938220e+000	-5.146344e+000	-2.445243e+002	-2.548299e+002	-4.938220e+000	-5.146344e+000	-2.445243e+002	-2.548299e+002	
4.104854e-001	8.958648e-001	-5.051742e+000	-4.919299e+000	-2.501456e+002	-2.435874e+002	-5.051742e+000	-4.919299e+000	-2.501456e+002	-2.435874e+002	
4.114334e-001	8.968128e-001	-5.032821e+000	-5.335547e+000	-2.492087e+002	-2.641987e+002	-5.032821e+000	-5.335547e+000	-2.492087e+002	-2.641987e+002	
4.123814e-001	8.977608e-001	-4.692255e+000	-5.032821e+000	-2.323450e+002	-2.492087e+002	-4.692255e+000	-5.032821e+000	-2.323450e+002	-2.492087e+002	
4.133295e-001	8.987088e-001	-4.730095e+000	-5.051742e+000	-2.342187e+002	-2.501456e+002	-4.730095e+000	-5.051742e+000	-2.342187e+002	-2.501456e+002	
4.142775e-001	8.996568e-001	-4.767936e+000	-4.957139e+000	-2.360925e+002	-2.454612e+002	-4.767936e+000	-4.957139e+000	-2.360925e+002	-2.454612e+002	
4.152255e-001	9.006048e-001	-4.559812e+000	-4.919299e+000	-2.257868e+002	-2.435874e+002	-4.559812e+000	-4.919299e+000	-2.257868e+002	-2.435874e+002	
4.161735e-001	9.015529e-001	-4.711175e+000	-4.938220e+000	-2.332818e+002	-2.445243e+002	-4.711175e+000	-4.938220e+000	-2.332818e+002	-2.445243e+002	
4.171215e-001	9.025009e-001	-4.881458e+000	-5.184184e+000	-2.417137e+002	-2.567037e+002	-4.881458e+000	-5.184184e+000	-2.417137e+002	-2.567037e+002	
4.180695e-001	9.034489e-001	-4.559812e+000	-5.127423e+000	-2.257868e+002	-2.538931e+002	-4.559812e+000	-5.127423e+000	-2.257868e+002	-2.538931e+002	
4.190175e-001	9.043969e-001	-4.730095e+000	-4.976060e+000	-2.342187e+002	-2.463981e+002	-4.730095e+000	-4.976060e+000	-2.342187e+002	-2.463981e+002	
4.199655e-001	9.053449e-001	-4.824697e+000	-5.165264e+000	-2.389031e+002	-2.557668e+002	-4.824697e+000	-5.165264e+000	-2.389031e+002	-2.557668e+002	
4.209135e-001	9.062929e-001	-4.673334e+000	-5.070662e+000	-2.314081e+002	-2.510824e+002	-4.673334e+000	-5.070662e+000	-2.314081e+002	-2.510824e+002	
4.218616e-001	9.072409e-001	-4.881458e+000	-5.032821e+000	-2.417137e+002	-2.492087e+002	-4.881458e+000	-5.032821e+000	-2.417137e+002	-2.492087e+002	
4.228096e-001	9.081889e-001	-4.786856e+000	-5.222025e+000	-2.370293e+002	-2.585775e+002	-4.786856e+000	-5.222025e+000	-2.370293e+002	-2.585775e+002	
4.237576e-001	9.091370e-001	-4.900379e+000	-5.411229e+000	-2.426506e+002	-2.679462e+002	-4.900379e+000	-5.411229e+000	-2.426506e+002	-2.679462e+002	
4.247056e-001	9.100850e-001	-4.881458e+000	-5.108503e+000	-2.417137e+002	-2.529562e+002	-4.881458e+000	-5.108503e+000	-2.417137e+002	-2.529562e+002	
4.256536e-001	9.110330e-001	-4.578732e+000	-4.957139e+000	-2.267237e+002	-2.454612e+002	-4.578732e+000	-4.957139e+000	-2.267237e+002	-2.454612e+002	
4.266016e-001	9.119810e-001	-4.843617e+000	-5.127423e+000	-2.398400e+002	-2.538931e+002	-4.843617e+000	-5.127423e+000	-2.398400e+002	-2.538931e+002	
4.275496e-001	9.129290e-001	-4.692255e+000	-4.994980e+000	-2.323450e+002	-2.473349e+002	-4.692255e+000	-4.994980e+000	-2.323450e+002	-2.473349e+002	
4.284976e-001	9.138770e-001	-4.881458e+000	-5.184184e+000	-2.417137e+002	-2.567037e+002	-4.881458e+000	-5.184184e+000	-2.417137e+002	-2.567037e+002	
4.294457e-001	9.148250e-001	-4.786856e+000	-4.938220e+000	-2.370293e+002	-2.445243e+002	-4.786856e+000	-4.938220e+000	-2.370293e+002	-2.445243e+002	
4.303937e-001	9.157730e-001	-4.578732e+000	-5.032821e+000	-2.267237e+002	-2.492087e+002	-4.578732e+000	-5.032821e+000	-2.267237e+002	-2.492087e+002	
4.313417e-001	9.167210e-001	-4.711175e+000	-5.032821e+000	-2.332818e+002	-2.492087e+002	-4.711175e+000	-5.032821e+000	-2.332818e+002	-2.492087e+002	
4.322897e-001	9.176691e-001	-5.013901e+000	-5.165264e+000	-2.482718e+002	-2.557668e+002	-5.013901e+000	-5.165264e+000	-2.482718e+002	-2.557668e+002	
4.332377e-001	9.186171e-001	-4.824697e+000	-5.165264e+000	-2.389031e+002	-2.557668e+002	-4.824697e+000	-5.165264e+000	-2.389031e+002	-2.557668e+002	
4.341857e-001	9.195651e-001	-4.843617e+000	-5.070662e+000	-2.398400e+002	-2.510824e+002	-4.843617e+000	-5.070662e+000	-2.398400e+002	-2.510824e+002	
4.351337e-001	9.205131e-001	-5.070662e+000	-5.259866e+000	-2.510824e+002	-2.604512e+002	-5.070662e+000	-5.259866e+000	-2.510824e+002	-2.604512e+002	
4.360817e-001	9.214611e-001	-4.749015e+000	-5.259866e+000	-2.351556e+002	-2.604512e+002	-4.749015e+000	-5.259866e+000	-2.351556e+002	-2.604512e+002	
4.370297e-001	9.224091e-001	-4.711175e+000	-5.184184e+000	-2.332818e+002	-2.567037e+002	-4.711175e+000	-5.184184e+000	-2.332818e+002	-2.567037e+002	
4.379778e-001	9.233571e-001	-4.824697e+000	-5.108503e+000	-2.389031e+002	-2.529562e+002	-4.824697e+000	-5.108503e+000	-2.389031e+002	-2.529562e+002	
4.389258e-001	9.243051e-001	-4.805777e+000	-5.297707e+000	-2.379662e+002	-2.623250e+002	-4.805777e+000	-5.297707e+000	-2.379662e+002	-2.623250e+002	
4.398738e-001	9.252532e-001	-5.240945e+000	-5.051742e+000	-2.595143e+002	-2.501456e+002	-5.240945e+000	-5.051742e+000	-2.595143e+002	-2.501456e+002	
4.408218e-001	9.262012e-001	-4.786856e+000	-5.127423e+000	-2.370293e+002	-2.538931e+002	-4.786856e+000	-5.127423e+000	-2.370293e+002	-2.538931e+002	
4.417698e-001	9.271492e-001	-4.635493e+000	-5.354468e+000	-2.295343e+002	-2.651356e+002	-4.635493e+000	-5.354468e+000	-2.295343e+002	-2.651356e+002	
4.427178e-001	9.280972e-001	-4.711175e+000	-5.259866e+000	-2.332818e+002	-2.604512e+002	-4.711175e+000	-5.259866e+000	-2.332818e+002	-2.604512e+002	
4.436658e-001	9.290452e-001	-4.976060e+000	-5.203104e+000	-2.463981e+002	-2.576406e+002	-4.976060e+000	-5.203104e+000	-2.463981e+002	-2.576406e+002	
4.446138e-001	9.299932e-001	-4.843617e+000	-5.259866e+000	-2.398400e+002	-2.604512e+002	-4.843617e+000	-5.259866e+000	-2.398400e+002	-2.604512e+002	
4.455619e-001	9.309412e-001	-5.108503e+000	-5.373388e+000	-2.529562e+002	-2.660724e+002	-5.108503e+000	-5.373388e+000	-2.529562e+002	-2.660724e+002	
4.465099e-001	9.318892e-001	-5.108503e+000	-5.240945e+000	-2.529562e+002	-2.595143e+002	-5.108503e+000	-5.240945e+000	-2.529562e+002	-2.595143e+002	
4.474579e-001	9.328372e-001	-4.711175e+000	-5.013901e+000	-2.332818e+002	-2.482718e+002	-4.711175e+000	-5.013901e+000	-2.332818e+002	-2.482718e+002	
4.484059e-001	9.337853e-001	-4.843617e+000	-5.051742e+000	-2.398400e+002	-2.501456e+002	-4.843617e+000	-5.051742e+000	-2.398400e+002	-2.501456e+002	
4.493539e-001	9.347333e-001	-4.767936e+000	-5.051742e+000	-2.360925e+002	-2.501456e+002	-4.767936e+000	-5.051742e+000	-2.360925e+002	-2.501456e+002	
4.503019e-001	9.356813e-001	-4.673334e+000	-5.165264e+000	-2.314081e+002	-2.557668e+002	-4.673334e+000	-5.165264e+000	-2.314081e+002	-2.557668e+002	
4.512499e-001	9.366293e-001	-5.127423e+000	-5.013901e+000	-2.538931e+002	-2.482718e+002	-5.127423e+000	-5.013901e+000	-2.538931e+002	-2.482718e+002	
4.521979e-001	9.375773e-001	-4.673334e+000	-5.032821e+000	-2.314081e+002	-2.492087e+002	-4.673334e+000	-5.032821e+000	-2.314081e+002	-2.492087e+002	
4.531460e-001	9.385253e-001	-4.957139e+000	-5.316627e+000	-2.454612e+002	-2.632618e+002	-4.957139e+000	-5.316627e+000	-2.454612e+002	-2.632618e+002	
4.540940e-001	9.394733e-001	-4.919299e+000	-5.070662e+000	-2.435874e+002	-2.510824e+002	-4.919299e+000	-5.070662e+000	-2.435874e+002	-2.510824e+002	
4.550420e-001	9.404213e-001	-5.070662e+000	-5.013901e+000	-2.510824e+002	-2.482718e+002	-5.070662e+000	-5.013901e+000	-2.510824e+002	-2.482718e+002	
4.559900e-001	9.413694e-001	-4.730095e+000	-5.278786e+000	-2.342187e+002	-2.613881e+002	-4.730095e+000	-5.278786e+000	-2.342187e+002	-2.613881e+002	
4.569380e-001	9.423174e-001	-4.900379e+000	-5.051742e+000	-2.426506e+002	-2.501456e+002	-4.900379e+000	-5.051742e+000	-2.426506e+002	-2.501456e+002	
4.578860e-001	9.432654e-001	-4.994980e+000	-5.259866e+000	-2.473349e+002	-2.604512e+002	-4.994980e+000	-5.259866e+000	-2.473349e+002	-2.604512e+002	
4.588340e-001	9.442134e-001	-4.957139e+000	-5.222025e+000	-2.454612e+002	-2.585775e+002	-4.957139e+000	-5.222025e+000	-2.454612e+002	-2.585775e+002	
4.597820e-001	9.451614e-001	-5.089582e+000	-5.108503e+000	-2.520193e+002	-2.529562e+002	-5.089582e+000	-5.108503e+000	-2.520193e+002	-2.529562e+002	
4.607300e-001	9.461094e-001	-4.994980e+000	-4.994980e+000	-2.473349e+002	-2.473349e+002	-4.994980e+000	-4.994980e+000	-2.473349e+002	-2.473349e+002	
4.616781e-001	9.470574e-001	-4.976060e+000	-5.203104e+000	-2.463981e+002	-2.576406e+002	-4.976060e+000	-5.203104e+000	-2.463981e+002	-2.576406e+002	
4.626261e-001	9.480054e-001	-4.843617e+000	-5.316627e+000	-2.398400e+002	-2.632618e+002	-4.843617e+000	-5.316627e+000	-2.398400e+002	-2.632618e+002	
4.635741e-001	9.489534e-001	-4.635493e+000	-5.070662e+000	-2.295343e+002	-2.510824e+002	-4.635493e+000	-5.070662e+000	-2.295343e+002	-2.510824e+002	
4.645221e-001	9.499015e-001	-4.938220e+000	-5.392309e+000	-2.445243e+002	-2.670093e+002	-4.938220e+000	-5.392309e+000	-2.445243e+002	-2.670093e+002	
4.654701e-001	9.508495e-001	-4.616573e+000	-5.297707e+000	-2.285975e+002	-2.623250e+002	-4.616573e+000	-5.297707e+000	-2.285975e+002	-2.623250e+002	
4.664181e-001	9.517975e-001	-4.900379e+000	-5.240945e+000	-2.426506e+002	-2.595143e+002	-4.900379e+000	-5.240945e+000	-2.426506e+002	-2.595143e+002	
4.673661e-001	9.527455e-001	-4.540891e+000	-5.089582e+000	-2.248500e+002	-2.520193e+002	-4.540891e+000	-5.089582e+000	-2.248500e+002	-2.520193e+002	
4.683141e-001	9.536935e-001	-4.824697e+000	-5.089582e+000	-2.389031e+002	-2.520193e+002	-4.824697e+000	-5.089582e+000	-2.389031e+002	-2.520193e+002	
4.692622e-001	9.546415e-001	-4.673334e+000	-5.373388e+000	-2.314081e+002	-2.660724e+002	-4.673334e+000	-5.373388e+000	-2.314081e+002	-2.660724e+002	
4.702102e-001	9.555895e-001	-4.843617e+000	-5.165264e+000	-2.398400e+002	-2.557668e+002	-4.843617e+000	-5.165264e+000	-2.398400e+002	-2.557668e+002	
4.711582e-001	9.565375e-001	-4.540891e+000	-5.240945e+000	-2.248500e+002	-2.595143e+002	-4.540891e+000	-5.240945e+000	-2.248500e+002	-2.595143e+002	
4.721062e-001	9.574856e-001	-4.332767e+000	-5.449069e+000	-2.145443e+002	-2.698199e+002	-4.332767e+000	-5.449069e+000	-2.145443e+002	-2.698199e+002	
4.730542e-001	9.584336e-001	-3.802996e+000	-5.070662e+000	-1.883118e+002	-2.510824e+002	-3.802996e+000	-5.070662e+000	-1.883118e+002	-2.510824e+002	
4.740022e-001	9.593816e-001	-3.519191e+000	-5.240945e+000	-1.742587e+002	-2.595143e+002	-3.519191e+000	-5.240945e+000	-1.742587e+002	-2.595143e+002	
4.749502e-001	9.603296e-001	-2.875898e+000	-5.259866e+000	-1.424050e+002	-2.604512e+002	-2.875898e+000	-5.259866e+000	-1.424050e+002	-2.604512e+002	
4.758982e-001	9.612776e-001	-2.156923e+000	-5.089582e+000	-1.068037e+002	-2.520193e+002	-2.156923e+000	-5.089582e+000	-1.068037e+002	-2.520193e+002	
4.768462e-001	9.622256e-001	-1.229825e+000	-5.203104e+000	-6.089686e+001	-2.576406e+002	-1.229825e+000	-5.203104e+000	-6.089686e+001	-2.576406e+002	
4.777943e-001	9.631736e-001	-1.702834e-001	-5.335547e+000	-8.431873e+000	-2.641987e+002	-1.702834e-001	-5.335547e+000	-8.431873e+000	-2.641987e+002	
4.787423e-001	9.641216e-001	7.189964e-001	-5.297707e+000	3.560233e+001	-2.623250e+002	7.189964e-001	-5.297707e+000	3.560233e+001	-2.623250e+002	
4.796903e-001	9.650697e-001	1.173099e+000	-5.240945e+000	5.808801e+001	-2.595143e+002	1.173099e+000	-5.240945e+000	5.808801e+001	-2.595143e+002	
4.806383e-001	9.660177e-001	2.175910e+000	-5.032821e+000	1.077439e+002	-2.492087e+002	2.175910e+000	-5.032821e+000	1.077439e+002	-2.492087e+002	
4.815863e-001	9.669657e-001	3.235484e+000	-5.203104e+000	1.602105e+002	-2.576406e+002	3.235484e+000	-5.203104e+000	1.602105e+002	-2.576406e+002	
4.825343e-001	9.679137e-001	4.370741e+000	-5.013901e+000	2.164247e+002	-2.482718e+002	4.370741e+000	-5.013901e+000	2.164247e+002	-2.482718e+002	
4.834823e-001	9.688617e-001	5.543841e+000	-5.013901e+000	2.745127e+002	-2.482718e+002	5.543841e+000	-5.013901e+000	2.745127e+002	-2.482718e+002	
4.844303e-001	9.698097e-001	6.035786e+000	-5.032821e+000	2.988722e+002	-2.492087e+002	6.035786e+000	-5.032821e+000	2.988722e+002	-2.492087e+002	
